Voltage U1	Corriente IA
U1/V	IA/nA

0,02	0,43
0,04	0,43
0,07	0,49
0,09	0,50
0,12	0,56
0,14	0,50
0,17	0,61
0,19	0,54
0,21	0,58
0,24	0,50
0,26	0,54
0,29	0,47
0,31	0,52
0,34	0,44
0,36	0,50
0,39	0,44
0,41	0,50
0,43	0,48
0,46	0,54
0,48	0,49
0,51	0,52
0,53	0,46
0,56	0,52
0,58	0,49
0,61	0,52
0,63	0,50
0,65	0,53
0,68	0,49
0,70	0,54
0,73	0,51
0,75	0,54
0,78	0,53
0,80	0,52
0,83	0,50
0,85	0,54
0,87	0,51
0,90	0,56
0,92	0,56
0,95	0,53
0,97	0,54
1,00	0,55
1,02	0,55
1,05	0,55
1,07	0,54
1,09	0,52
1,12	0,52
1,14	0,50
1,17	0,52
1,19	0,50
1,22	0,52
1,24	0,49
1,26	0,51
1,29	0,49
1,31	0,54
1,34	0,50
1,36	0,54
1,39	0,48
1,41	0,52
1,44	0,49
1,46	0,53
1,48	0,49
1,51	0,55
1,53	0,49
1,56	0,55
1,58	0,51
1,61	0,56
1,63	0,52
1,66	0,55
1,68	0,49
1,70	0,54
1,73	0,49
1,75	0,55
1,78	0,49
1,80	0,55
1,83	0,49
1,85	0,53
1,88	0,47
1,90	0,54
1,92	0,48
1,95	0,53
1,97	0,46
2,00	0,53
2,02	0,50
2,05	0,56
2,07	0,50
2,10	0,55
2,12	0,50
2,14	0,56
2,17	0,53
2,19	0,55
2,22	0,49
2,24	0,54
2,27	0,50
2,29	0,57
2,31	0,54
2,34	0,55
2,36	0,53
2,39	0,56
2,41	0,54
2,44	0,57
2,46	0,53
2,49	0,55
2,51	0,52
2,53	0,53
2,56	0,53
2,58	0,53
2,61	0,51
2,63	0,49
2,66	0,48
2,68	0,49
2,71	0,50
2,73	0,50
2,75	0,50
2,78	0,50
2,80	0,51
2,83	0,49
2,85	0,52
2,88	0,51
2,90	0,55
2,93	0,51
2,95	0,52
2,97	0,50
3,00	0,55
3,02	0,52
3,05	0,56
3,07	0,48
3,10	0,55
3,12	0,51
3,15	0,56
3,17	0,52
3,19	0,56
3,22	0,50
3,24	0,56
3,27	0,51
3,29	0,57
3,32	0,50
3,34	0,54
3,36	0,50
3,39	0,54
3,41	0,48
3,44	0,54
3,46	0,48
3,49	0,54
3,51	0,48
3,54	0,54
3,56	0,49
3,58	0,54
3,61	0,47
3,63	0,54
3,66	0,49
3,68	0,56
3,71	0,51
3,73	0,56
3,76	0,52
3,78	0,59
3,80	0,52
3,83	0,58
3,85	0,52
3,88	0,54
3,90	0,50
3,93	0,54
3,95	0,51
3,98	0,56
4,00	0,52
4,02	0,56
4,05	0,51
4,07	0,53
4,10	0,52
4,12	0,53
4,15	0,51
4,17	0,52
4,20	0,50
4,22	0,53
4,24	0,55
4,27	0,55
4,29	0,55
4,32	0,54
4,34	0,53
4,37	0,55
4,39	0,57
4,42	0,56
4,44	0,56
4,46	0,54
4,49	0,56
4,51	0,54
4,54	0,56
4,56	0,54
4,59	0,57
4,61	0,52
4,63	0,55
4,66	0,51
4,68	0,57
4,71	0,53
4,73	0,56
4,76	0,51
4,78	0,55
4,81	0,50
4,83	0,57
4,85	0,52
4,88	0,57
4,90	0,51
4,93	0,56
4,95	0,54
4,98	0,60
5,00	0,53
5,03	0,58
5,05	0,52
5,07	0,58
5,10	0,54
5,12	0,59
5,15	0,53
5,17	0,59
5,20	0,55
5,22	0,61
5,25	0,56
5,27	0,62
5,29	0,58
5,32	0,62
5,34	0,57
5,37	0,62
5,39	0,58
5,42	0,62
5,44	0,55
5,47	0,58
5,49	0,57
5,51	0,59
5,54	0,55
5,56	0,59
5,59	0,55
5,61	0,59
5,64	0,57
5,66	0,59
5,68	0,59
5,71	0,59
5,73	0,55
5,76	0,58
5,78	0,56
5,81	0,59
5,83	0,60
5,86	0,60
5,88	0,59
5,90	0,62
5,93	0,62
5,95	0,66
5,98	0,65
6,00	0,63
6,03	0,62
6,05	0,61
6,08	0,64
6,10	0,63
6,12	0,62
6,15	0,61
6,17	0,62
6,20	0,62
6,22	0,66
6,25	0,63
6,27	0,67
6,30	0,65
6,32	0,69
6,34	0,66
6,37	0,72
6,39	0,68
6,42	0,74
6,44	0,68
6,47	0,70
6,49	0,67
6,52	0,72
6,54	0,66
6,56	0,76
6,59	0,69
6,61	0,76
6,64	0,72
6,66	0,78
6,69	0,75
6,71	0,81
6,73	0,72
6,76	0,79
6,78	0,72
6,81	0,78
6,83	0,72
6,86	0,78
6,88	0,73
6,91	0,80
6,93	0,75
6,95	0,82
6,98	0,77
7,00	0,82
7,03	0,77
7,05	0,84
7,08	0,78
7,10	0,84
7,13	0,80
7,15	0,86
7,17	0,82
7,20	0,87
7,22	0,84
7,25	0,87
7,27	0,80
7,30	0,87
7,32	0,86
7,35	0,90
7,37	0,88
7,39	0,89
7,42	0,89
7,44	0,94
7,47	0,91
7,49	0,94
7,52	0,92
7,54	0,94
7,57	0,92
7,59	0,93
7,61	0,93
7,64	0,94
7,66	0,94
7,69	0,92
7,71	0,92
7,74	0,93
7,76	0,97
7,78	0,96
7,81	0,98
7,83	0,96
7,86	0,98
7,88	0,97
7,91	0,99
7,93	0,96
7,96	1,00
7,98	0,95
8,00	0,98
8,03	0,97
8,05	1,04
8,08	1,03
8,10	1,09
8,13	1,03
8,15	1,11
8,18	1,08
8,20	1,12
8,22	1,06
8,25	1,10
8,27	1,03
8,30	1,10
8,32	1,04
8,35	1,11
8,37	1,05
8,40	1,11
8,42	1,07
8,44	1,14
8,47	1,10
8,49	1,17
8,52	1,11
8,54	1,17
8,57	1,11
8,59	1,17
8,62	1,11
8,64	1,16
8,66	1,10
8,69	1,16
8,71	1,10
8,74	1,16
8,76	1,14
8,79	1,20
8,81	1,14
8,84	1,18
8,86	1,14
8,88	1,23
8,91	1,20
8,93	1,22
8,96	1,18
8,98	1,21
9,01	1,19
9,03	1,25
9,05	1,22
9,08	1,22
9,10	1,19
9,13	1,21
9,15	1,21
9,18	1,23
9,20	1,21
9,23	1,22
9,25	1,23
9,27	1,24
9,30	1,25
9,32	1,25
9,35	1,25
9,37	1,24
9,40	1,21
9,42	1,21
9,45	1,23
9,47	1,22
9,49	1,25
9,52	1,22
9,54	1,25
9,57	1,23
9,59	1,27
9,62	1,28
9,64	1,31
9,67	1,27
9,69	1,31
9,71	1,25
9,74	1,31
9,76	1,28
9,79	1,29
9,81	1,24
9,84	1,27
9,86	1,23
9,89	1,32
9,91	1,26
9,93	1,32
9,96	1,29
9,98	1,35
10,01	1,32
10,03	1,38
10,06	1,33
10,08	1,38
10,10	1,31
10,13	1,36
10,15	1,32
10,18	1,37
10,20	1,32
10,23	1,37
10,25	1,33
10,28	1,41
10,30	1,35
10,32	1,42
10,35	1,38
10,37	1,44
10,40	1,39
10,42	1,45
10,45	1,38
10,47	1,42
10,50	1,37
10,52	1,39
10,54	1,37
10,57	1,43
10,59	1,39
10,62	1,44
10,64	1,41
10,67	1,44
10,69	1,45
10,72	1,50
10,74	1,48
10,76	1,50
10,79	1,47
10,81	1,50
10,84	1,51
10,86	1,51
10,89	1,50
10,91	1,50
10,94	1,50
10,96	1,53
10,98	1,55
11,01	1,57
11,03	1,57
11,06	1,57
11,08	1,62
11,11	1,63
11,13	1,66
11,15	1,66
11,18	1,66
11,20	1,64
11,23	1,66
11,25	1,64
11,28	1,70
11,30	1,69
11,33	1,74
11,35	1,74
11,37	1,79
11,40	1,78
11,42	1,87
11,45	1,84
11,47	1,88
11,50	1,84
11,52	1,90
11,55	1,86
11,57	1,93
11,59	1,86
11,62	1,94
11,64	1,90
11,67	1,98
11,69	1,95
11,72	2,04
11,74	2,02
11,77	2,09
11,79	2,04
11,81	2,15
11,84	2,12
11,86	2,17
11,89	2,15
11,91	2,20
11,94	2,17
11,96	2,25
11,99	2,19
12,01	2,26
12,03	2,24
12,06	2,31
12,08	2,31
12,11	2,39
12,13	2,36
12,16	2,45
12,18	2,40
12,21	2,46
12,23	2,43
12,25	2,48
12,28	2,45
12,30	2,50
12,33	2,45
12,35	2,51
12,38	2,50
12,40	2,56
12,42	2,54
12,45	2,56
12,47	2,55
12,50	2,59
12,52	2,58
12,55	2,66
12,57	2,64
12,60	2,66
12,62	2,66
12,64	2,65
12,67	2,67
12,69	2,68
12,72	2,65
12,74	2,65
12,77	2,65
12,79	2,66
12,82	2,71
12,84	2,72
12,86	2,74
12,89	2,73
12,91	2,74
12,94	2,72
12,96	2,75
12,99	2,72
13,01	2,75
13,04	2,70
13,06	2,72
13,08	2,70
13,11	2,75
13,13	2,71
13,16	2,74
13,18	2,69
13,21	2,73
13,23	2,68
13,26	2,74
13,28	2,71
13,30	2,75
13,33	2,69
13,35	2,74
13,38	2,66
13,40	2,71
13,43	2,63
13,45	2,66
13,47	2,60
13,50	2,65
13,52	2,58
13,55	2,67
13,57	2,61
13,60	2,66
13,62	2,61
13,65	2,66
13,67	2,61
13,69	2,66
13,72	2,58
13,74	2,64
13,77	2,58
13,79	2,62
13,82	2,56
13,84	2,58
13,87	2,51
13,89	2,56
13,91	2,50
13,94	2,54
13,96	2,51
13,99	2,54
14,01	2,52
14,04	2,55
14,06	2,50
14,09	2,54
14,11	2,50
14,13	2,51
14,16	2,46
14,18	2,47
14,21	2,46
14,23	2,46
14,26	2,43
14,28	2,45
14,31	2,43
14,33	2,44
14,35	2,45
14,38	2,44
14,40	2,46
14,43	2,45
14,45	2,42
14,48	2,41
14,50	2,43
14,52	2,43
14,55	2,46
14,57	2,41
14,60	2,42
14,62	2,41
14,65	2,44
14,67	2,43
14,70	2,45
14,72	2,39
14,74	2,46
14,77	2,43
14,79	2,49
14,82	2,47
14,84	2,51
14,87	2,45
14,89	2,51
14,92	2,46
14,94	2,54
14,96	2,48
14,99	2,54
15,01	2,50
15,04	2,56
15,06	2,52
15,09	2,60
15,11	2,54
15,14	2,63
15,16	2,56
15,18	2,64
15,21	2,60
15,23	2,68
15,26	2,64
15,28	2,72
15,31	2,66
15,33	2,74
15,36	2,70
15,38	2,77
15,40	2,72
15,43	2,79
15,45	2,75
15,48	2,86
15,50	2,82
15,53	2,89
15,55	2,85
15,57	2,93
15,60	2,92
15,62	3,00
15,65	2,97
15,67	3,04
15,70	3,00
15,72	3,08
15,75	3,09
15,77	3,16
15,79	3,17
15,82	3,23
15,84	3,22
15,87	3,31
15,89	3,34
15,92	3,40
15,94	3,42
15,97	3,45
15,99	3,48
16,01	3,55
16,04	3,57
16,06	3,62
16,09	3,65
16,11	3,67
16,14	3,72
16,16	3,75
16,19	3,81
16,21	3,88
16,23	3,94
16,26	3,96
16,28	4,02
16,31	4,04
16,33	4,14
16,36	4,14
16,38	4,21
16,41	4,22
16,43	4,28
16,45	4,30
16,48	4,43
16,50	4,42
16,53	4,55
16,55	4,54
16,58	4,65
16,60	4,68
16,63	4,80
16,65	4,78
16,67	4,89
16,70	4,88
16,72	5,00
16,75	5,02
16,77	5,12
16,80	5,12
16,82	5,22
16,84	5,21
16,87	5,34
16,89	5,33
16,92	5,43
16,94	5,44
16,97	5,53
16,99	5,53
17,02	5,63
17,04	5,61
17,06	5,69
17,09	5,68
17,11	5,77
17,14	5,77
17,16	5,84
17,19	5,82
17,21	5,91
17,24	5,88
17,26	5,95
17,28	5,94
17,31	6,02
17,33	6,02
17,36	6,07
17,38	6,01
17,41	6,06
17,43	6,04
17,46	6,07
17,48	6,05
17,50	6,05
17,53	6,04
17,55	6,06
17,58	6,06
17,60	6,09
17,63	6,06
17,65	6,03
17,68	6,02
17,70	6,00
17,72	6,00
17,75	5,99
17,77	5,97
17,80	5,95
17,82	5,93
17,85	5,90
17,87	5,91
17,89	5,86
17,92	5,84
17,94	5,81
17,97	5,78
17,99	5,74
18,02	5,74
18,04	5,68
18,07	5,69
18,09	5,60
18,11	5,57
18,14	5,51
18,16	5,52
18,19	5,46
18,21	5,48
18,24	5,38
18,26	5,39
18,29	5,30
18,31	5,32
18,33	5,22
18,36	5,22
18,38	5,10
18,41	5,11
18,43	5,02
18,46	5,04
18,48	4,93
18,51	4,94
18,53	4,84
18,55	4,86
18,58	4,76
18,60	4,79
18,63	4,67
18,65	4,70
18,68	4,61
18,70	4,62
18,73	4,53
18,75	4,56
18,77	4,45
18,80	4,50
18,82	4,40
18,85	4,42
18,87	4,34
18,90	4,35
18,92	4,24
18,94	4,28
18,97	4,20
18,99	4,24
19,02	4,17
19,04	4,18
19,07	4,14
19,09	4,17
19,12	4,10
19,14	4,13
19,16	4,07
19,19	4,07
19,21	4,01
19,24	4,01
19,26	3,99
19,29	4,01
19,31	3,98
19,34	3,98
19,36	3,95
19,38	3,97
19,41	3,98
19,43	3,99
19,46	3,98
19,48	3,96
19,51	3,96
19,53	3,98
19,56	4,00
19,58	3,98
19,60	3,99
19,63	3,98
19,65	4,01
19,68	4,02
19,70	4,07
19,73	4,07
19,75	4,13
19,78	4,11
19,80	4,17
19,82	4,17
19,85	4,21
19,87	4,21
19,90	4,26
19,92	4,22
19,95	4,30
19,97	4,27
19,99	4,36
20,02	4,35
20,04	4,42
20,07	4,42
20,09	4,51
20,12	4,52
20,14	4,65
20,17	4,63
20,19	4,74
20,21	4,74
20,24	4,84
20,26	4,85
20,29	4,94
20,31	4,91
20,34	4,98
20,36	4,95
20,39	5,06
20,41	5,09
20,43	5,19
20,46	5,19
20,48	5,32
20,51	5,39
20,53	5,53
20,56	5,54
20,58	5,63
20,61	5,64
20,63	5,75
20,65	5,78
20,68	5,88
20,70	5,90
20,73	6,02
20,75	6,05
20,78	6,18
20,80	6,25
20,83	6,38
20,85	6,45
20,87	6,58
20,90	6,62
20,92	6,74
20,95	6,81
20,97	6,92
21,00	6,98
21,02	7,07
21,05	7,13
21,07	7,26
21,09	7,35
21,12	7,47
21,14	7,57
21,17	7,66
21,19	7,76
21,22	7,86
21,24	7,95
21,26	8,07
21,29	8,17
21,31	8,23
21,34	8,35
21,36	8,42
21,39	8,55
21,41	8,66
21,44	8,78
21,46	8,86
21,48	9,00
21,51	9,08
21,53	9,28
21,56	9,37
21,58	9,50
21,61	9,56
21,63	9,72
21,66	9,77
21,68	9,96
21,70	9,99
21,73	10,14
21,75	10,20
21,78	10,35
21,80	10,40
21,83	10,56
21,85	10,57
21,88	10,73
21,90	10,75
21,92	10,88
21,95	10,89
21,97	11,00
22,00	11,01
22,02	11,15
22,05	11,11
22,07	11,22
22,10	11,18
22,12	11,29
22,14	11,28
22,17	11,34
22,19	11,30
22,22	11,38
22,24	11,33
22,27	11,43
22,29	11,37
22,31	11,42
22,34	11,40
22,36	11,43
22,39	11,37
22,41	11,41
22,44	11,32
22,46	11,33
22,49	11,25
22,51	11,24
22,53	11,15
22,56	11,11
22,58	11,00
22,61	10,99
22,63	10,91
22,66	10,90
22,68	10,80
22,71	10,75
22,73	10,68
22,75	10,62
22,78	10,52
22,80	10,46
22,83	10,32
22,85	10,22
22,88	10,10
22,90	9,99
22,93	9,91
22,95	9,82
22,97	9,72
23,00	9,65
23,02	9,55
23,05	9,46
23,07	9,42
23,10	9,30
23,12	9,21
23,15	9,07
23,17	8,96
23,19	8,83
23,22	8,77
23,24	8,61
23,27	8,54
23,29	8,37
23,32	8,28
23,34	8,17
23,36	8,13
23,39	8,00
23,41	7,94
23,44	7,78
23,46	7,77
23,49	7,64
23,51	7,59
23,54	7,44
23,56	7,38
23,58	7,24
23,61	7,22
23,63	7,07
23,66	7,07
23,68	6,93
23,71	6,93
23,73	6,82
23,76	6,83
23,78	6,67
23,80	6,70
23,83	6,59
23,85	6,61
23,88	6,49
23,90	6,50
23,93	6,40
23,95	6,45
23,98	6,33
24,00	6,35
24,02	6,24
24,05	6,27
24,07	6,18
24,10	6,20
24,12	6,13
24,15	6,17
24,17	6,10
24,20	6,18
24,22	6,13
24,24	6,16
24,27	6,11
24,29	6,13
24,32	6,11
24,34	6,18
24,37	6,14
24,39	6,17
24,42	6,15
24,44	6,20
24,46	6,24
24,49	6,28
24,51	6,27
24,54	6,33
24,56	6,35
24,59	6,39
24,61	6,44
24,63	6,48
24,66	6,54
24,68	6,59
24,71	6,61
24,73	6,67
24,76	6,74
24,78	6,80
24,81	6,88
24,83	6,91
24,85	6,97
24,88	7,02
24,90	7,13
24,93	7,21
24,95	7,31
24,98	7,34
25,00	7,47
25,03	7,50
25,05	7,65
25,07	7,70
25,10	7,79
25,12	7,82
25,15	7,94
25,17	7,97
25,20	8,15
25,22	8,16
25,25	8,32
25,27	8,38
25,29	8,56
25,32	8,64
25,34	8,82
25,37	8,86
25,39	9,05
25,42	9,09
25,44	9,25
25,47	9,29
25,49	9,44
25,51	9,49
25,54	9,66
25,56	9,71
25,59	9,91
25,61	9,98
25,64	10,18
25,66	10,32
25,68	10,52
25,71	10,61
25,73	10,82
25,76	10,89
25,78	11,07
25,81	11,14
25,83	11,28
25,86	11,38
25,88	11,56
25,90	11,67
25,93	11,88
25,95	12,01
25,98	12,23
26,00	12,37
26,03	12,57
26,05	12,73
26,08	12,92
26,10	13,05
26,12	13,21
26,15	13,34
26,17	13,53
26,20	13,67
26,22	13,81
26,25	13,94
26,27	14,10
26,30	14,31
26,32	14,51
26,34	14,68
26,37	14,83
26,39	15,06
26,42	15,23
26,44	15,44
26,47	15,56
26,49	15,70
26,52	15,83
26,54	15,99
26,56	16,08
26,59	16,27
26,61	16,36
26,64	16,56
26,66	16,70
26,69	16,88
26,71	16,99
26,73	17,20
26,76	17,30
26,78	17,48
26,81	17,54
26,83	17,68
26,86	17,74
26,88	17,91
26,91	17,93
26,93	18,07
26,95	18,07
26,98	18,21
27,00	18,23
27,03	18,37
27,05	18,36
27,08	18,46
27,10	18,42
27,13	18,57
27,15	18,51
27,17	18,58
27,20	18,51
27,22	18,55
27,25	18,46
27,27	18,49
27,30	18,35
27,32	18,39
27,35	18,27
27,37	18,26
27,39	18,16
27,42	18,17
27,44	18,02
27,47	18,01
27,49	17,83
27,52	17,81
27,54	17,66
27,57	17,61
27,59	17,43
27,61	17,36
27,64	17,15
27,66	17,08
27,69	16,87
27,71	16,77
27,74	16,59
27,76	16,46
27,78	16,24
27,81	16,13
27,83	15,93
27,86	15,86
27,88	15,66
27,91	15,49
27,93	15,30
27,96	15,15
27,98	14,97
28,00	14,82
28,03	14,58
28,05	14,41
28,08	14,19
28,10	13,99
28,13	13,82
28,15	13,62
28,18	13,41
28,20	13,20
28,22	13,01
28,25	12,85
28,27	12,71
28,30	12,53
28,32	12,41
28,35	12,24
28,37	12,10
28,40	11,92
28,42	11,77
28,44	11,61
28,47	11,51
28,49	11,30
28,52	11,20
28,54	11,04
28,57	10,97
28,59	10,88
28,62	10,80
28,64	10,62
28,66	10,57
28,69	10,43
28,71	10,40
28,74	10,24
28,76	10,18
28,79	10,03
28,81	10,01
28,84	9,88
28,86	9,89
28,88	9,76
28,91	9,78
28,93	9,67
28,96	9,68
28,98	9,59
29,01	9,57
29,03	9,47
29,05	9,50
29,08	9,39
29,10	9,44
29,13	9,38
29,15	9,41
29,18	9,40
29,20	9,48
29,23	9,44
29,25	9,53
29,27	9,51
29,30	9,58
29,32	9,58
29,35	9,65
29,37	9,65
29,40	9,74
29,42	9,75
29,45	9,83
29,47	9,84
29,49	9,94
29,52	10,00
29,54	10,09
29,57	10,14
29,59	10,25
29,62	10,29
29,64	10,39
29,67	10,47
29,69	10,57
29,71	10,66
29,74	10,73
29,76	10,79
29,79	10,90
29,81	11,03
29,84	11,15
29,86	11,30
29,89	11,40
29,91	11,53
29,93	11,67
29,96	11,82
29,98	11,93
30,01	12,06
30,03	12,12
30,06	12,27
30,08	12,37
30,10	12,55
30,13	12,67
30,15	12,86
30,18	12,94
30,20	13,16
30,23	13,27
30,25	13,51
30,28	13,62
30,30	13,81
30,32	13,90
30,35	14,12
30,37	14,22
30,40	14,46
30,42	14,56
30,45	14,78
30,47	14,92
30,50	15,19
30,52	15,35
30,54	15,62
30,57	15,74
30,59	16,03
30,62	16,18
30,64	16,46
30,67	16,57
30,69	16,79
30,72	16,93
30,74	17,20
30,76	17,32
30,79	17,60
30,81	17,72
30,84	18,01
30,86	18,20
30,89	18,50
30,91	18,69
30,94	18,99
30,96	19,16
30,98	19,46
31,01	19,61
31,03	19,86
31,06	20,06
31,08	20,32
31,11	20,50
31,13	20,78
31,15	20,94
31,18	21,25
31,20	21,47
31,23	21,75
31,25	21,98
31,28	22,24
31,30	22,44
31,33	22,73
31,35	22,94
31,37	23,18
31,40	23,38
31,42	23,59
31,45	23,80
31,47	24,04
31,50	24,25
31,52	24,49
31,55	24,71
31,57	24,89
31,59	25,12
31,62	25,32
31,64	25,55
31,67	25,75
31,69	25,97
31,72	26,11
31,74	26,29
31,77	26,40
31,79	26,59
31,81	26,68
31,84	26,82
31,86	26,87
31,89	27,03
31,91	27,10
31,94	27,27
31,96	27,31
31,99	27,46
32,01	27,46
32,03	27,55
32,06	27,56
32,08	27,67
32,11	27,63
32,13	27,70
32,16	27,62
32,18	27,66
32,20	27,59
32,23	27,60
32,25	27,49
32,28	27,49
32,30	27,34
32,33	27,33
32,35	27,19
32,38	27,16
32,40	27,02
32,42	27,04
32,45	26,87
32,47	26,81
32,50	26,61
32,52	26,57
32,55	26,37
32,57	26,28
32,60	26,00
32,62	25,89
32,64	25,65
32,67	25,54
32,69	25,25
32,72	25,09
32,74	24,83
32,77	24,77
32,79	24,52
32,82	24,37
32,84	24,09
32,86	23,93
32,89	23,68
32,91	23,52
32,94	23,15
32,96	22,92
32,99	22,62
33,01	22,37
33,04	22,07
33,06	21,84
33,08	21,49
33,11	21,27
33,13	20,99
33,16	20,79
33,18	20,57
33,21	20,36
33,23	20,09
33,26	19,91
33,28	19,67
33,30	19,45
33,33	19,21
33,35	18,99
33,38	18,77
33,40	18,54
33,43	18,31
33,45	18,10
33,47	17,92
33,50	17,72
33,52	17,58
33,55	17,38
33,57	17,24
33,60	17,04
33,62	16,91
33,65	16,74
33,67	16,60
33,69	16,38
33,72	16,26
33,74	16,06
33,77	15,99
33,79	15,85
33,82	15,77
33,84	15,61
33,87	15,58
33,89	15,46
33,91	15,46
33,94	15,34
33,96	15,32
33,99	15,21
34,01	15,22
34,04	15,11
34,06	15,14
34,09	15,04
34,11	15,07
34,13	15,00
34,16	15,04
34,18	14,98
34,21	15,06
34,23	15,02
34,26	15,12
34,28	15,09
34,31	15,18
34,33	15,18
34,35	15,29
34,38	15,29
34,40	15,43
34,43	15,44
34,45	15,59
34,48	15,63
34,50	15,74
34,52	15,76
34,55	15,88
34,57	15,91
34,60	16,06
34,62	16,12
34,65	16,27
34,67	16,37
34,70	16,53
34,72	16,68
34,74	16,88
34,77	17,02
34,79	17,20
34,82	17,34
34,84	17,51
34,87	17,68
34,89	17,85
34,92	18,01
34,94	18,15
34,96	18,30
34,99	18,50
35,01	18,72
35,04	18,94
35,06	19,15
35,09	19,33
35,11	19,57
35,14	19,79
35,16	20,01
35,18	20,20
35,21	20,38
35,23	20,52
35,26	20,74
35,28	20,90
35,31	21,16
35,33	21,33
35,36	21,61
35,38	21,82
35,40	22,12
35,43	22,33
35,45	22,68
35,48	22,89
35,50	23,22
35,53	23,43
35,55	23,72
35,57	23,92
35,60	24,24
35,62	24,41
35,65	24,70
35,67	24,88
35,70	25,22
35,72	25,50
35,75	25,84
35,77	26,07
35,79	26,42
35,82	26,68
35,84	27,07
35,87	27,32
35,89	27,62
35,92	27,84
35,94	28,18
35,97	28,43
35,99	28,76
36,01	28,97
36,04	29,30
36,06	29,56
36,09	29,98
36,11	30,27
36,14	30,65
36,16	30,93
36,19	31,35
36,21	31,62
36,23	31,97
36,26	32,19
36,28	32,52
36,31	32,77
36,33	33,09
36,36	33,30
36,38	33,61
36,41	33,90
36,43	34,24
36,45	34,55
36,48	34,85
36,50	35,12
36,53	35,43
36,55	35,71
36,58	36,02
36,60	36,24
36,62	36,44
36,65	36,65
36,67	36,84
36,70	37,04
36,72	37,23
36,75	37,40
36,77	37,59
36,80	37,80
36,82	37,97
36,84	38,17
36,87	38,34
36,89	38,50
36,92	38,64
36,94	38,75
36,97	38,83
36,99	38,97
37,02	39,03
37,04	39,13
37,06	39,17
37,09	39,20
37,11	39,23
37,14	39,32
37,16	39,31
37,19	39,39
37,21	39,32
37,24	39,33
37,26	39,27
37,28	39,30
37,31	39,23
37,33	39,23
37,36	39,07
37,38	39,05
37,41	38,89
37,43	38,86
37,46	38,70
37,48	38,60
37,50	38,38
37,53	38,29
37,55	38,07
37,58	38,01
37,60	37,76
37,63	37,69
37,65	37,47
37,68	37,37
37,70	37,09
37,72	36,94
37,75	36,63
37,77	36,49
37,80	36,13
37,82	35,91
37,85	35,56
37,87	35,34
37,89	35,00
37,92	34,81
37,94	34,43
37,97	34,22
37,99	33,88
38,02	33,66
38,04	33,35
38,07	33,11
38,09	32,74
38,11	32,50
38,14	32,11
38,16	31,81
38,19	31,40
38,21	31,08
38,24	30,72
38,26	30,44
38,29	30,06
38,31	29,77
38,33	29,46
38,36	29,21
38,38	28,95
38,41	28,70
38,43	28,40
38,46	28,14
38,48	27,88
38,51	27,60
38,53	27,32
38,55	27,04
38,58	26,78
38,60	26,50
38,63	26,28
38,65	26,01
38,68	25,82
38,70	25,64
38,73	25,47
38,75	25,26
38,77	25,13
38,80	24,94
38,82	24,84
38,85	24,66
38,87	24,50
38,90	24,28
38,92	24,17
38,94	23,99
38,97	23,92
38,99	23,75
39,02	23,68
39,04	23,57
39,07	23,57
39,09	23,47
39,12	23,50
39,14	23,40
39,16	23,42
39,19	23,36
39,21	23,40
39,24	23,35
39,26	23,40
39,29	23,35
39,31	23,47
39,34	23,43
39,36	23,50
39,38	23,48
39,41	23,57
39,43	23,55
39,46	23,67
39,48	23,64
39,51	23,83
39,53	23,87
39,56	24,03
39,58	24,11
39,60	24,28
39,63	24,35
39,65	24,55
39,68	24,60
39,70	24,80
39,73	24,88
39,75	25,05
39,78	25,18
39,80	25,38
39,82	25,52
39,85	25,73
39,87	25,89
39,90	26,11
39,92	26,33
39,95	26,57
39,97	26,76
39,99	26,99
40,02	27,18
40,04	27,44
40,07	27,65
40,09	27,86
40,12	28,08
40,14	28,30
40,17	28,53
40,19	28,78
40,21	29,03
40,24	29,33
40,26	29,63
40,29	29,91
40,31	30,21
40,34	30,48
40,36	30,80
40,39	31,08
40,41	31,41
40,43	31,64
40,46	31,94
40,48	32,17
40,51	32,56
40,53	32,84
40,56	33,21
40,58	33,44
40,61	33,87
40,63	34,16
40,65	34,64
40,68	34,92
40,70	35,32
40,73	35,61
40,75	36,09
40,78	36,37
40,80	36,76
40,83	37,00
40,85	37,40
40,87	37,69
40,90	38,13
40,92	38,42
40,95	38,86
40,97	39,24
41,00	39,70
41,02	40,01
41,05	40,50
41,07	40,80
41,09	41,25
41,12	41,53
41,14	41,92
41,17	42,25
41,19	42,69
41,22	42,95
41,24	43,37
41,26	43,66
41,29	44,12
41,31	44,47
41,34	44,89
41,36	45,25
41,39	45,69
41,41	46,02
41,44	46,44
41,46	46,79
41,48	47,18
41,51	47,49
41,53	47,81
41,56	48,09
41,58	48,42
41,61	48,67
41,63	48,97
41,66	49,23
41,68	49,47
41,70	49,67
41,73	49,83
41,75	49,92
41,78	50,00
41,80	50,00
41,83	50,00
41,85	50,00
41,88	50,00
41,90	50,00
41,92	50,00
41,95	50,00
41,97	50,00
42,00	50,00
42,02	50,00
42,05	50,00
42,07	50,00
42,10	50,00
42,12	50,00
42,14	50,00
42,17	50,00
42,19	50,00
42,22	50,00
42,24	50,00
42,27	50,00
42,29	50,00
42,31	50,00
42,34	50,00
42,36	50,00
42,39	50,00
42,41	50,00
42,44	50,00
42,46	50,00
42,49	50,00
42,51	50,00
42,53	50,00
42,56	50,00
42,58	50,00
42,61	50,00
42,63	50,00
42,66	50,00
42,68	50,00
42,71	50,00
42,73	50,00
42,75	50,00
42,78	50,00
42,80	50,00
42,83	50,00
42,85	50,00
42,88	50,00
42,90	50,00
42,93	50,00
42,95	50,00
42,97	50,00
43,00	49,91
43,02	49,89
43,05	49,74
43,07	49,60
43,10	49,35
43,12	49,14
43,15	48,81
43,17	48,59
43,19	48,18
43,22	47,90
43,24	47,54
43,27	47,28
43,29	46,94
43,32	46,72
43,34	46,37
43,36	46,10
43,39	45,75
43,41	45,49
43,44	45,12
43,46	44,79
43,49	44,39
43,51	44,05
43,54	43,66
43,56	43,35
43,58	43,03
43,61	42,79
43,63	42,50
43,66	42,23
43,68	41,97
43,71	41,74
43,73	41,48
43,76	41,22
43,78	40,92
43,80	40,63
43,83	40,37
43,85	40,09
43,88	39,86
43,90	39,62
43,93	39,42
43,95	39,19
43,98	39,05
44,00	38,84
44,02	38,72
44,05	38,56
44,07	38,45
44,10	38,24
44,12	38,13
44,15	37,94
44,17	37,90
44,20	37,75
44,22	37,69
44,24	37,58
44,27	37,57
44,29	37,50
44,32	37,53
44,34	37,44
44,37	37,49
44,39	37,44
44,41	37,49
44,44	37,48
44,46	37,53
44,49	37,49
44,51	37,61
44,54	37,61
44,56	37,75
44,59	37,76
44,61	37,87
44,63	37,93
44,66	38,08
44,68	38,12
44,71	38,30
44,73	38,35
44,76	38,56
44,78	38,64
44,81	38,82
44,83	38,99
44,85	39,21
44,88	39,38
44,90	39,64
44,93	39,82
44,95	40,07
44,98	40,27
45,00	40,49
45,03	40,71
45,05	40,93
45,07	41,12
45,10	41,38
45,12	41,63
45,15	41,97
45,17	42,27
45,20	42,55
45,22	42,85
45,25	43,15
45,27	43,50
45,29	43,86
45,32	44,15
45,34	44,42
45,37	44,72
45,39	44,98
45,42	45,35
45,44	45,65
45,47	46,02
45,49	46,35
45,51	46,75
45,54	47,14
45,56	47,67
45,59	48,05
45,61	48,52
45,64	48,83
45,66	49,22
45,68	49,50
45,71	49,76
45,73	49,86
45,76	49,98
45,78	49,98
45,81	50,00
45,83	50,00
45,86	50,00
45,88	50,00
45,90	50,00
45,93	50,00
45,95	50,00
45,98	50,00
46,00	50,00
46,03	50,00
46,05	50,00
46,08	50,00
46,10	50,00
46,12	50,00
46,15	50,00
46,17	50,00
46,20	50,00
46,22	50,00
46,25	50,00
46,27	50,00
46,30	50,00
46,32	50,00
46,34	50,00
46,37	50,00
46,39	50,00
46,42	50,00
46,44	50,00
46,47	50,00
46,49	50,00
46,52	50,00
46,54	50,00
46,56	50,00
46,59	50,00
46,61	50,00
46,64	50,00
46,66	50,00
46,69	50,00
46,71	50,00
46,73	50,00
46,76	50,00
46,78	50,00
46,81	50,00
46,83	50,00
46,86	50,00
46,88	50,00
46,91	50,00
46,93	50,00
46,95	50,00
46,98	50,00
47,00	50,00
47,03	50,00
47,05	50,00
47,08	50,00
47,10	50,00
47,13	50,00
47,15	50,00
47,17	50,00
47,20	50,00
47,22	50,00
47,25	50,00
47,27	50,00
47,30	50,00
47,32	50,00
47,35	50,00
47,37	50,00
47,39	50,00
47,42	50,00
47,44	50,00
47,47	50,00
47,49	50,00
47,52	50,00
47,54	50,00
47,57	50,00
47,59	50,00
47,61	50,00
47,64	50,00
47,66	50,00
47,69	50,00
47,71	50,00
47,74	50,00
47,76	50,00
47,78	50,00
47,81	50,00
47,83	50,00
47,86	50,00
47,88	50,00
47,91	50,00
47,93	50,00
47,96	50,00
47,98	50,00
48,00	50,00
48,03	50,00
48,05	50,00
48,08	50,00
48,10	50,00
48,13	50,00
48,15	50,00
48,18	50,00
48,20	50,00
48,22	50,00
48,25	50,00
48,27	50,00
48,30	50,00
48,32	50,00
48,35	50,00
48,37	50,00
48,40	50,00
48,42	50,00
48,44	50,00
48,47	50,00
48,49	50,00
48,52	50,00
48,54	50,00
48,57	50,00
48,59	50,00
48,62	50,00
48,64	50,00
48,66	50,00
48,69	50,00
48,71	50,00
48,74	50,00
48,76	50,00
48,79	50,00
48,81	50,00
48,84	50,00
48,86	50,00
48,88	50,00
48,91	50,00
48,93	50,00
48,96	50,00
48,98	50,00
49,01	50,00
49,03	50,00
49,05	50,00
49,08	50,00
49,10	50,00
49,13	50,00
49,15	50,00
49,18	50,00
49,20	50,00
49,23	50,00
49,25	50,00
49,27	50,00
49,30	50,00
49,32	50,00
49,35	50,00
49,37	50,00
49,40	50,00
49,42	50,00
49,45	50,00
49,47	50,00
49,49	50,00
49,52	50,00
49,54	50,00
49,57	50,00
49,59	50,00
49,62	50,00
49,64	50,00
49,67	50,00
49,69	50,00
49,71	50,00
49,74	50,00
49,76	50,00
49,79	50,00
49,81	50,00
49,84	50,00
49,86	50,00
49,89	50,00
49,91	50,00
49,93	50,00
49,96	50,00
49,98	50,00
50,01	50,00
50,03	50,00
50,06	50,00
50,08	50,00
50,10	50,00
50,13	50,00
50,15	50,00
50,18	50,00
50,20	50,00
50,23	50,00
50,25	50,00
50,28	50,00
50,30	50,00
50,32	50,00
50,35	50,00
50,37	50,00
50,40	50,00
50,42	50,00
50,45	50,00
50,47	50,00
50,50	50,00
50,52	50,00
50,54	50,00
50,57	50,00
50,59	50,00
50,62	50,00
50,64	50,00
50,67	50,00
50,69	50,00
50,72	50,00
50,74	50,00
50,76	50,00
50,79	50,00
50,81	50,00
50,84	50,00
50,86	50,00
50,89	50,00
50,91	50,00
50,94	50,00
50,96	50,00
50,98	50,00
51,01	50,00
51,03	50,00
51,06	50,00
51,08	50,00
51,11	50,00
51,13	50,00
51,15	50,00
51,18	50,00
51,20	50,00
51,23	50,00
51,25	50,00
51,28	50,00
51,30	50,00
51,33	50,00
51,35	50,00
51,37	50,00
51,40	50,00
51,42	50,00
51,45	50,00
51,47	50,00
51,50	50,00
51,52	50,00
51,55	50,00
51,57	50,00
51,59	50,00
51,62	50,00
51,64	50,00
51,67	50,00
51,69	50,00
51,72	50,00
51,74	50,00
51,77	50,00
51,79	50,00
51,81	50,00
51,84	50,00
51,86	50,00
51,89	50,00
51,91	50,00
51,94	50,00
51,96	50,00
51,99	50,00
52,01	50,00
52,03	50,00
52,06	50,00
52,08	50,00
52,11	50,00
52,13	50,00
52,16	50,00
52,18	50,00
52,20	50,00
52,23	50,00
52,25	50,00
52,28	50,00
52,30	50,00
52,33	50,00
52,35	50,00
52,38	50,00
52,40	50,00
52,42	50,00
52,45	50,00
52,47	50,00
52,50	50,00
52,52	50,00
52,55	50,00
52,57	50,00
52,60	50,00
52,62	50,00
52,64	50,00
52,67	50,00
52,69	50,00
52,72	50,00
52,74	50,00
52,77	50,00
52,79	50,00
52,82	50,00
52,84	50,00
52,86	50,00
52,89	50,00
52,91	50,00
52,94	50,00
52,96	50,00
52,99	50,00
53,01	50,00
53,04	50,00
53,06	50,00
53,08	50,00
53,11	50,00
53,13	50,00
53,16	50,00
53,18	50,00
53,21	50,00
53,23	50,00
53,26	50,00
53,28	50,00
53,30	50,00
53,33	50,00
53,35	50,00
53,38	50,00
53,40	50,00
53,43	50,00
53,45	50,00
53,47	50,00
53,50	50,00
53,52	50,00
53,55	50,00
53,57	50,00
53,60	50,00
53,62	50,00
53,65	50,00
53,67	50,00
53,69	50,00
53,72	50,00
53,74	50,00
53,77	50,00
53,79	50,00
53,82	50,00
53,84	50,00
53,87	50,00
53,89	50,00
53,91	50,00
53,94	50,00
53,96	50,00
53,99	50,00
54,01	50,00
54,04	50,00
54,06	50,00
54,09	50,00
54,11	50,00
54,13	50,00
54,16	50,00
54,18	50,00
54,21	50,00
54,23	50,00
54,26	50,00
54,28	50,00
54,31	50,00
54,33	50,00
54,35	50,00
54,38	50,00
54,40	50,00
54,43	50,00
54,45	50,00
54,48	50,00
54,50	50,00
54,52	50,00
54,55	50,00
54,57	50,00
54,60	50,00
54,62	50,00
54,65	50,00
54,67	50,00
54,70	50,00
54,72	50,00
54,74	50,00
54,77	50,00
54,79	50,00
54,82	50,00
54,84	50,00
54,87	50,00
54,89	50,00
54,92	50,00
54,94	50,00
54,96	50,00
54,99	50,00
55,01	50,00
55,04	50,00
55,06	50,00
55,09	50,00
55,11	50,00
55,14	50,00
55,16	50,00
55,18	50,00
55,21	50,00
55,23	50,00
55,26	50,00
55,28	50,00
55,31	50,00
55,33	50,00
55,36	50,00
55,38	50,00
55,40	50,00
55,43	50,00
55,45	50,00
55,48	50,00
55,50	50,00
55,53	50,00
55,55	50,00
55,57	50,00
55,60	50,00
55,62	50,00
55,65	50,00
55,67	50,00
55,70	50,00
55,72	50,00
55,75	50,00
55,77	50,00
55,79	50,00
55,82	50,00
55,84	50,00
55,87	50,00
55,89	50,00
55,92	50,00
55,94	50,00
55,97	50,00
55,99	50,00
56,01	50,00
56,04	50,00
56,06	50,00
56,09	50,00
56,11	50,00
56,14	50,00
56,16	50,00
56,19	50,00
56,21	50,00
56,23	50,00
56,26	50,00
56,28	50,00
56,31	50,00
56,33	50,00
56,36	50,00
56,38	50,00
56,41	50,00
56,43	50,00
56,45	50,00
56,48	50,00
56,50	50,00
56,53	50,00
56,55	50,00
56,58	50,00
56,60	50,00
56,62	50,00
56,65	50,00
56,67	50,00
56,70	50,00
56,72	50,00
56,75	50,00
56,77	50,00
56,80	50,00
56,82	50,00
56,84	50,00
56,87	50,00
56,89	50,00
56,92	50,00
56,94	50,00
56,97	50,00
56,99	50,00
57,02	50,00
57,04	50,00
57,06	50,00
57,09	50,00
57,11	50,00
57,14	50,00
57,16	50,00
57,19	50,00
57,21	50,00
57,24	50,00
57,26	50,00
57,28	50,00
57,31	50,00
57,33	50,00
57,36	50,00
57,38	50,00
57,41	50,00
57,43	50,00
57,46	50,00
57,48	50,00
57,50	50,00
57,53	50,00
57,55	50,00
57,58	50,00
57,60	50,00
57,63	50,00
57,65	50,00
57,68	50,00
57,70	50,00
57,72	50,00
57,75	50,00
57,77	50,00
57,80	50,00
57,82	50,00
57,85	50,00
57,87	50,00
57,89	50,00
57,92	50,00
57,94	50,00
57,97	50,00
57,99	50,00
58,02	50,00
58,04	50,00
58,07	50,00
58,09	50,00
58,11	50,00
58,14	50,00
58,16	50,00
58,19	50,00
58,21	50,00
58,24	50,00
58,26	50,00
58,29	50,00
58,31	50,00
58,33	50,00
58,36	50,00
58,38	50,00
58,41	50,00
58,43	50,00
58,46	50,00
58,48	50,00
58,51	50,00
58,53	50,00
58,55	50,00
58,58	50,00
58,60	50,00
58,63	50,00
58,65	50,00
58,68	50,00
58,70	50,00
58,73	50,00
58,75	50,00
58,77	50,00
58,80	50,00
58,82	50,00
58,85	50,00
58,87	50,00
58,90	50,00
58,92	50,00
58,94	50,00
58,97	50,00
58,99	50,00
59,02	50,00
59,04	50,00
59,07	50,00
59,09	50,00
59,12	50,00
59,14	50,00
59,16	50,00
59,19	50,00
59,21	50,00
59,24	50,00
59,26	50,00
59,29	50,00
59,31	50,00
59,34	50,00
59,36	50,00
59,38	50,00
59,41	50,00
59,43	50,00
59,46	50,00
59,48	50,00
59,51	50,00
59,53	50,00
59,56	50,00
59,58	50,00
59,60	50,00
59,63	50,00
59,65	50,00
59,68	50,00
59,70	50,00
59,73	50,00
59,75	50,00
59,78	50,00
59,80	50,00
59,82	50,00
59,85	50,00
59,87	50,00
59,90	50,00
59,92	50,00
59,95	50,00
59,97	50,00
59,99	50,00
