Voltage U1	Corriente IA
U1/V	IA/nA

0,02	0,64
0,04	0,63
0,07	0,61
0,09	0,62
0,12	0,58
0,14	0,58
0,17	0,54
0,19	0,53
0,21	0,52
0,24	0,55
0,26	0,51
0,29	0,52
0,31	0,50
0,34	0,50
0,36	0,53
0,39	0,52
0,41	0,50
0,43	0,51
0,46	0,50
0,48	0,51
0,51	0,53
0,53	0,53
0,56	0,54
0,58	0,53
0,61	0,52
0,63	0,52
0,65	0,55
0,68	0,52
0,70	0,56
0,73	0,54
0,75	0,56
0,78	0,52
0,80	0,56
0,83	0,53
0,85	0,57
0,87	0,49
0,90	0,51
0,92	0,47
0,95	0,54
0,97	0,50
1,00	0,53
1,02	0,48
1,05	0,54
1,07	0,51
1,09	0,59
1,12	0,50
1,14	0,55
1,17	0,50
1,19	0,55
1,22	0,50
1,24	0,55
1,26	0,48
1,29	0,57
1,31	0,51
1,34	0,57
1,36	0,51
1,39	0,56
1,41	0,50
1,44	0,58
1,46	0,52
1,48	0,56
1,51	0,51
1,53	0,57
1,56	0,52
1,58	0,57
1,61	0,49
1,63	0,55
1,66	0,51
1,68	0,54
1,70	0,48
1,73	0,51
1,75	0,47
1,78	0,51
1,80	0,46
1,83	0,48
1,85	0,43
1,88	0,47
1,90	0,48
1,92	0,51
1,95	0,50
1,97	0,52
2,00	0,50
2,02	0,52
2,05	0,52
2,07	0,51
2,10	0,52
2,12	0,50
2,14	0,50
2,17	0,53
2,19	0,55
2,22	0,56
2,24	0,56
2,27	0,54
2,29	0,56
2,31	0,54
2,34	0,55
2,36	0,52
2,39	0,54
2,41	0,49
2,44	0,51
2,46	0,47
2,49	0,53
2,51	0,49
2,53	0,54
2,56	0,50
2,58	0,53
2,61	0,49
2,63	0,58
2,66	0,52
2,68	0,57
2,71	0,52
2,73	0,57
2,75	0,56
2,78	0,63
2,80	0,54
2,83	0,61
2,85	0,56
2,88	0,60
2,90	0,53
2,93	0,58
2,95	0,52
2,97	0,58
3,00	0,51
3,02	0,59
3,05	0,54
3,07	0,59
3,10	0,53
3,12	0,55
3,15	0,49
3,17	0,55
3,19	0,48
3,22	0,52
3,24	0,46
3,27	0,50
3,29	0,48
3,32	0,53
3,34	0,49
3,36	0,54
3,39	0,51
3,41	0,54
3,44	0,53
3,46	0,55
3,49	0,55
3,51	0,56
3,54	0,52
3,56	0,54
3,58	0,53
3,61	0,54
3,63	0,56
3,66	0,53
3,68	0,52
3,71	0,53
3,73	0,53
3,76	0,55
3,78	0,55
3,80	0,50
3,83	0,52
3,85	0,49
3,88	0,51
3,90	0,51
3,93	0,52
3,95	0,49
3,98	0,51
4,00	0,48
4,02	0,57
4,05	0,54
4,07	0,56
4,10	0,53
4,12	0,56
4,15	0,52
4,17	0,58
4,20	0,52
4,22	0,56
4,24	0,51
4,27	0,55
4,29	0,51
4,32	0,57
4,34	0,51
4,37	0,57
4,39	0,50
4,42	0,55
4,44	0,50
4,46	0,55
4,49	0,51
4,51	0,55
4,54	0,48
4,56	0,55
4,59	0,49
4,61	0,54
4,63	0,49
4,66	0,54
4,68	0,50
4,71	0,55
4,73	0,49
4,76	0,56
4,78	0,50
4,81	0,54
4,83	0,51
4,85	0,57
4,88	0,54
4,90	0,57
4,93	0,52
4,95	0,55
4,98	0,54
5,00	0,56
5,03	0,52
5,05	0,52
5,07	0,50
5,10	0,55
5,12	0,54
5,15	0,58
5,17	0,56
5,20	0,57
5,22	0,57
5,25	0,58
5,27	0,56
5,29	0,57
5,32	0,55
5,34	0,52
5,37	0,53
5,39	0,52
5,42	0,55
5,44	0,55
5,47	0,56
5,49	0,54
5,51	0,56
5,54	0,53
5,56	0,60
5,59	0,58
5,61	0,61
5,64	0,57
5,66	0,61
5,68	0,57
5,71	0,64
5,73	0,57
5,76	0,60
5,78	0,53
5,81	0,57
5,83	0,55
5,86	0,60
5,88	0,55
5,90	0,60
5,93	0,53
5,95	0,62
5,98	0,56
6,00	0,60
6,03	0,56
6,05	0,58
6,08	0,53
6,10	0,59
6,12	0,51
6,15	0,57
6,17	0,50
6,20	0,55
6,22	0,52
6,25	0,58
6,27	0,52
6,30	0,60
6,32	0,55
6,34	0,63
6,37	0,59
6,39	0,63
6,42	0,59
6,44	0,64
6,47	0,57
6,49	0,61
6,52	0,56
6,54	0,61
6,56	0,60
6,59	0,62
6,61	0,58
6,64	0,62
6,66	0,60
6,69	0,66
6,71	0,63
6,73	0,64
6,76	0,63
6,78	0,63
6,81	0,63
6,83	0,65
6,86	0,62
6,88	0,63
6,91	0,61
6,93	0,62
6,95	0,64
6,98	0,64
7,00	0,65
7,03	0,67
7,05	0,66
7,08	0,67
7,10	0,69
7,13	0,70
7,15	0,72
7,17	0,69
7,20	0,69
7,22	0,68
7,25	0,72
7,27	0,69
7,30	0,74
7,32	0,67
7,35	0,71
7,37	0,68
7,39	0,72
7,42	0,71
7,44	0,75
7,47	0,68
7,49	0,75
7,52	0,68
7,54	0,74
7,57	0,69
7,59	0,72
7,61	0,67
7,64	0,73
7,66	0,67
7,69	0,77
7,71	0,71
7,74	0,78
7,76	0,74
7,78	0,81
7,81	0,78
7,83	0,85
7,86	0,79
7,88	0,86
7,91	0,81
7,93	0,86
7,96	0,81
7,98	0,83
8,00	0,77
8,03	0,84
8,05	0,79
8,08	0,84
8,10	0,79
8,13	0,82
8,15	0,82
8,18	0,85
8,20	0,81
8,22	0,86
8,25	0,82
8,27	0,85
8,30	0,81
8,32	0,83
8,35	0,82
8,37	0,85
8,40	0,84
8,42	0,87
8,44	0,84
8,47	0,88
8,49	0,90
8,52	0,92
8,54	0,93
8,57	0,92
8,59	0,92
8,62	0,92
8,64	0,94
8,66	0,91
8,69	0,92
8,71	0,87
8,74	0,89
8,76	0,89
8,79	0,93
8,81	0,90
8,84	0,94
8,86	0,90
8,88	0,98
8,91	0,93
8,93	0,98
8,96	0,95
8,98	0,97
9,01	0,91
9,03	0,94
9,05	0,88
9,08	0,95
9,10	0,89
9,13	0,93
9,15	0,90
9,18	0,95
9,20	0,92
9,23	0,99
9,25	0,93
9,27	1,00
9,30	0,95
9,32	1,00
9,35	0,94
9,37	1,02
9,40	0,94
9,42	1,01
9,45	0,93
9,47	1,00
9,49	0,95
9,52	1,01
9,54	0,93
9,57	0,99
9,59	0,92
9,62	1,01
9,64	0,95
9,67	1,00
9,69	0,96
9,71	0,98
9,74	0,94
9,76	1,00
9,79	0,93
9,81	0,96
9,84	0,90
9,86	0,93
9,89	0,93
9,91	0,99
9,93	0,97
9,96	1,00
9,98	0,98
10,01	1,03
10,03	1,02
10,06	1,05
10,08	1,03
10,10	1,01
10,13	0,99
10,15	1,00
10,18	0,99
10,20	1,00
10,23	0,99
10,25	0,97
10,28	0,99
10,30	0,99
10,32	1,01
10,35	1,04
10,37	1,05
10,40	1,01
10,42	1,04
10,45	1,00
10,47	1,03
10,50	1,01
10,52	1,03
10,54	1,01
10,57	1,04
10,59	1,00
10,62	1,09
10,64	1,06
10,67	1,10
10,69	1,04
10,72	1,07
10,74	1,05
10,76	1,10
10,79	1,05
10,81	1,09
10,84	1,03
10,86	1,11
10,89	1,08
10,91	1,12
10,94	1,07
10,96	1,12
10,98	1,07
11,01	1,15
11,03	1,08
11,06	1,14
11,08	1,14
11,11	1,20
11,13	1,15
11,15	1,22
11,18	1,17
11,20	1,24
11,23	1,18
11,25	1,21
11,28	1,17
11,30	1,23
11,33	1,18
11,35	1,25
11,37	1,20
11,40	1,25
11,42	1,24
11,45	1,31
11,47	1,30
11,50	1,33
11,52	1,28
11,55	1,32
11,57	1,32
11,59	1,35
11,62	1,35
11,64	1,35
11,67	1,34
11,69	1,38
11,72	1,40
11,74	1,42
11,77	1,43
11,79	1,42
11,81	1,46
11,84	1,46
11,86	1,49
11,89	1,50
11,91	1,53
11,94	1,52
11,96	1,55
11,99	1,55
12,01	1,61
12,03	1,59
12,06	1,63
12,08	1,62
12,11	1,65
12,13	1,63
12,16	1,70
12,18	1,68
12,21	1,75
12,23	1,71
12,25	1,76
12,28	1,72
12,30	1,80
12,33	1,74
12,35	1,81
12,38	1,74
12,40	1,81
12,42	1,77
12,45	1,85
12,47	1,80
12,50	1,86
12,52	1,79
12,55	1,89
12,57	1,81
12,60	1,89
12,62	1,83
12,64	1,90
12,67	1,86
12,69	1,94
12,72	1,88
12,74	1,96
12,77	1,89
12,79	1,94
12,82	1,90
12,84	1,96
12,86	1,91
12,89	1,98
12,91	1,94
12,94	2,00
12,96	1,96
12,99	2,02
13,01	1,98
13,04	2,02
13,06	1,96
13,08	2,00
13,11	1,97
13,13	2,02
13,16	1,99
13,18	2,01
13,21	1,98
13,23	2,01
13,26	1,99
13,28	2,02
13,30	1,99
13,33	1,98
13,35	1,97
13,38	1,97
13,40	1,97
13,43	1,97
13,45	1,96
13,47	1,95
13,50	1,93
13,52	1,92
13,55	1,95
13,57	1,94
13,60	1,97
13,62	1,94
13,65	1,95
13,67	1,94
13,69	1,97
13,72	1,93
13,74	1,96
13,77	1,89
13,79	1,92
13,82	1,89
13,84	1,93
13,87	1,89
13,89	1,92
13,91	1,84
13,94	1,90
13,96	1,84
13,99	1,88
14,01	1,82
14,04	1,85
14,06	1,78
14,09	1,84
14,11	1,78
14,13	1,83
14,16	1,76
14,18	1,80
14,21	1,76
14,23	1,80
14,26	1,72
14,28	1,79
14,31	1,73
14,33	1,78
14,35	1,72
14,38	1,77
14,40	1,72
14,43	1,77
14,45	1,68
14,48	1,75
14,50	1,69
14,52	1,74
14,55	1,69
14,57	1,72
14,60	1,66
14,62	1,71
14,65	1,66
14,67	1,71
14,70	1,67
14,72	1,67
14,74	1,64
14,77	1,66
14,79	1,64
14,82	1,68
14,84	1,64
14,87	1,64
14,89	1,62
14,92	1,64
14,94	1,65
14,96	1,66
14,99	1,65
15,01	1,69
15,04	1,69
15,06	1,70
15,09	1,73
15,11	1,73
15,14	1,75
15,16	1,72
15,18	1,71
15,21	1,70
15,23	1,72
15,26	1,70
15,28	1,75
15,31	1,70
15,33	1,73
15,36	1,71
15,38	1,77
15,40	1,78
15,43	1,83
15,45	1,75
15,48	1,82
15,50	1,78
15,53	1,84
15,55	1,81
15,57	1,86
15,60	1,82
15,62	1,89
15,65	1,85
15,67	1,95
15,70	1,88
15,72	1,95
15,75	1,93
15,77	2,00
15,79	1,98
15,82	2,07
15,84	2,02
15,87	2,14
15,89	2,11
15,92	2,18
15,94	2,16
15,97	2,23
15,99	2,18
16,01	2,29
16,04	2,26
16,06	2,33
16,09	2,30
16,11	2,37
16,14	2,40
16,16	2,49
16,19	2,46
16,21	2,54
16,23	2,53
16,26	2,59
16,28	2,56
16,31	2,60
16,33	2,62
16,36	2,69
16,38	2,70
16,41	2,76
16,43	2,78
16,45	2,85
16,48	2,90
16,50	2,96
16,53	3,01
16,55	3,06
16,58	3,10
16,60	3,17
16,63	3,22
16,65	3,25
16,67	3,30
16,70	3,30
16,72	3,34
16,75	3,41
16,77	3,47
16,80	3,51
16,82	3,57
16,84	3,58
16,87	3,66
16,89	3,69
16,92	3,74
16,94	3,76
16,97	3,82
16,99	3,81
17,02	3,88
17,04	3,88
17,06	3,98
17,09	3,97
17,11	4,04
17,14	4,01
17,16	4,09
17,19	4,08
17,21	4,19
17,24	4,15
17,26	4,22
17,28	4,20
17,31	4,30
17,33	4,28
17,36	4,37
17,38	4,30
17,41	4,37
17,43	4,34
17,46	4,41
17,48	4,37
17,50	4,44
17,53	4,38
17,55	4,45
17,58	4,39
17,60	4,46
17,63	4,41
17,65	4,45
17,68	4,38
17,70	4,42
17,72	4,38
17,75	4,42
17,77	4,34
17,80	4,38
17,82	4,32
17,85	4,35
17,87	4,31
17,89	4,34
17,92	4,30
17,94	4,34
17,97	4,27
17,99	4,29
18,02	4,24
18,04	4,28
18,07	4,21
18,09	4,19
18,11	4,11
18,14	4,11
18,16	4,06
18,19	4,06
18,21	4,00
18,24	3,97
18,26	3,92
18,29	3,90
18,31	3,87
18,33	3,86
18,36	3,81
18,38	3,75
18,41	3,71
18,43	3,66
18,46	3,65
18,48	3,60
18,51	3,57
18,53	3,52
18,55	3,49
18,58	3,44
18,60	3,46
18,63	3,40
18,65	3,40
18,68	3,34
18,70	3,32
18,73	3,24
18,75	3,26
18,77	3,18
18,80	3,19
18,82	3,09
18,85	3,10
18,87	3,03
18,90	3,07
18,92	2,97
18,94	3,01
18,97	2,91
18,99	2,94
19,02	2,85
19,04	2,88
19,07	2,80
19,09	2,83
19,12	2,71
19,14	2,75
19,16	2,65
19,19	2,70
19,21	2,61
19,24	2,63
19,26	2,56
19,29	2,60
19,31	2,53
19,34	2,59
19,36	2,51
19,38	2,56
19,41	2,52
19,43	2,54
19,46	2,48
19,48	2,52
19,51	2,43
19,53	2,47
19,56	2,42
19,58	2,44
19,60	2,42
19,63	2,43
19,65	2,39
19,68	2,44
19,70	2,41
19,73	2,44
19,75	2,43
19,78	2,43
19,80	2,44
19,82	2,47
19,85	2,46
19,87	2,50
19,90	2,49
19,92	2,49
19,95	2,49
19,97	2,49
19,99	2,52
20,02	2,52
20,04	2,53
20,07	2,56
20,09	2,59
20,12	2,60
20,14	2,67
20,17	2,68
20,19	2,72
20,21	2,72
20,24	2,76
20,26	2,76
20,29	2,84
20,31	2,82
20,34	2,90
20,36	2,88
20,39	2,95
20,41	2,95
20,43	3,05
20,46	3,04
20,48	3,13
20,51	3,11
20,53	3,25
20,56	3,25
20,58	3,35
20,61	3,33
20,63	3,40
20,65	3,39
20,68	3,50
20,70	3,48
20,73	3,59
20,75	3,59
20,78	3,70
20,80	3,74
20,83	3,85
20,85	3,86
20,87	3,98
20,90	3,98
20,92	4,11
20,95	4,13
20,97	4,24
21,00	4,26
21,02	4,38
21,05	4,38
21,07	4,51
21,09	4,54
21,12	4,67
21,14	4,71
21,17	4,83
21,19	4,86
21,22	5,00
21,24	5,05
21,26	5,19
21,29	5,23
21,31	5,32
21,34	5,38
21,36	5,47
21,39	5,53
21,41	5,66
21,44	5,73
21,46	5,85
21,48	5,93
21,51	6,03
21,53	6,17
21,56	6,27
21,58	6,34
21,61	6,44
21,63	6,52
21,66	6,62
21,68	6,74
21,70	6,81
21,73	6,91
21,75	6,97
21,78	7,06
21,80	7,14
21,83	7,26
21,85	7,34
21,88	7,47
21,90	7,51
21,92	7,63
21,95	7,66
21,97	7,78
22,00	7,84
22,02	7,93
22,05	7,91
22,07	8,02
22,10	8,01
22,12	8,13
22,14	8,11
22,17	8,17
22,19	8,15
22,22	8,25
22,24	8,21
22,27	8,32
22,29	8,27
22,31	8,34
22,34	8,31
22,36	8,39
22,39	8,33
22,41	8,40
22,44	8,33
22,46	8,40
22,49	8,32
22,51	8,35
22,53	8,27
22,56	8,29
22,58	8,20
22,61	8,23
22,63	8,11
22,66	8,15
22,68	8,05
22,71	8,05
22,73	7,98
22,75	7,97
22,78	7,86
22,80	7,86
22,83	7,72
22,85	7,68
22,88	7,54
22,90	7,48
22,93	7,37
22,95	7,32
22,97	7,20
23,00	7,18
23,02	7,06
23,05	7,03
23,07	6,96
23,10	6,89
23,12	6,79
23,15	6,70
23,17	6,58
23,19	6,51
23,22	6,39
23,24	6,29
23,27	6,20
23,29	6,08
23,32	5,98
23,34	5,90
23,36	5,82
23,39	5,75
23,41	5,67
23,44	5,55
23,46	5,51
23,49	5,41
23,51	5,34
23,54	5,23
23,56	5,15
23,58	5,02
23,61	4,95
23,63	4,81
23,66	4,79
23,68	4,68
23,71	4,65
23,73	4,54
23,76	4,53
23,78	4,42
23,80	4,42
23,83	4,31
23,85	4,30
23,88	4,16
23,90	4,16
23,93	4,05
23,95	4,06
23,98	3,94
24,00	3,95
24,02	3,82
24,05	3,85
24,07	3,72
24,10	3,76
24,12	3,66
24,15	3,68
24,17	3,58
24,20	3,65
24,22	3,57
24,24	3,63
24,27	3,53
24,29	3,56
24,32	3,50
24,34	3,54
24,37	3,44
24,39	3,49
24,42	3,41
24,44	3,45
24,46	3,42
24,49	3,48
24,51	3,44
24,54	3,49
24,56	3,45
24,59	3,51
24,61	3,50
24,63	3,55
24,66	3,53
24,68	3,58
24,71	3,57
24,73	3,63
24,76	3,62
24,78	3,67
24,81	3,67
24,83	3,71
24,85	3,72
24,88	3,76
24,90	3,82
24,93	3,92
24,95	3,97
24,98	4,01
25,00	4,06
25,03	4,09
25,05	4,19
25,07	4,22
25,10	4,26
25,12	4,28
25,15	4,35
25,17	4,37
25,20	4,49
25,22	4,52
25,25	4,63
25,27	4,65
25,29	4,77
25,32	4,82
25,34	4,97
25,37	5,00
25,39	5,14
25,42	5,15
25,44	5,29
25,47	5,34
25,49	5,46
25,51	5,48
25,54	5,62
25,56	5,64
25,59	5,81
25,61	5,86
25,64	6,01
25,66	6,11
25,68	6,27
25,71	6,33
25,73	6,52
25,76	6,58
25,78	6,74
25,81	6,78
25,83	6,93
25,86	6,99
25,88	7,14
25,90	7,20
25,93	7,36
25,95	7,45
25,98	7,65
26,00	7,74
26,03	7,94
26,05	8,06
26,08	8,25
26,10	8,34
26,12	8,50
26,15	8,58
26,17	8,74
26,20	8,86
26,22	8,99
26,25	9,08
26,27	9,25
26,30	9,38
26,32	9,60
26,34	9,74
26,37	9,88
26,39	10,04
26,42	10,22
26,44	10,38
26,47	10,53
26,49	10,64
26,52	10,78
26,54	10,93
26,56	11,04
26,59	11,20
26,61	11,32
26,64	11,49
26,66	11,61
26,69	11,77
26,71	11,90
26,73	12,08
26,76	12,20
26,78	12,36
26,81	12,44
26,83	12,58
26,86	12,66
26,88	12,82
26,91	12,87
26,93	13,02
26,95	13,03
26,98	13,15
27,00	13,20
27,03	13,35
27,05	13,37
27,08	13,50
27,10	13,47
27,13	13,61
27,15	13,60
27,17	13,70
27,20	13,65
27,22	13,72
27,25	13,66
27,27	13,73
27,30	13,66
27,32	13,71
27,35	13,62
27,37	13,66
27,39	13,57
27,42	13,59
27,44	13,46
27,47	13,49
27,49	13,35
27,52	13,37
27,54	13,22
27,57	13,19
27,59	13,05
27,61	13,03
27,64	12,85
27,66	12,83
27,69	12,64
27,71	12,59
27,74	12,41
27,76	12,32
27,78	12,12
27,81	12,03
27,83	11,82
27,86	11,75
27,88	11,56
27,91	11,44
27,93	11,25
27,96	11,13
27,98	10,95
28,00	10,85
28,03	10,63
28,05	10,47
28,08	10,23
28,10	10,07
28,13	9,89
28,15	9,72
28,18	9,51
28,20	9,31
28,22	9,14
28,25	9,02
28,27	8,88
28,30	8,72
28,32	8,58
28,35	8,43
28,37	8,29
28,40	8,14
28,42	7,98
28,44	7,82
28,47	7,68
28,49	7,50
28,52	7,38
28,54	7,22
28,57	7,12
28,59	7,00
28,62	6,90
28,64	6,73
28,66	6,65
28,69	6,50
28,71	6,45
28,74	6,30
28,76	6,21
28,79	6,05
28,81	5,99
28,84	5,84
28,86	5,82
28,88	5,68
28,91	5,66
28,93	5,54
28,96	5,54
28,98	5,45
29,01	5,46
29,03	5,34
29,05	5,36
29,08	5,23
29,10	5,24
29,13	5,16
29,15	5,19
29,18	5,08
29,20	5,11
29,23	5,02
29,25	5,07
29,27	5,00
29,30	5,04
29,32	4,97
29,35	5,02
29,37	4,98
29,40	5,05
29,42	5,01
29,45	5,05
29,47	5,01
29,49	5,07
29,52	5,07
29,54	5,13
29,57	5,13
29,59	5,21
29,62	5,22
29,64	5,28
29,67	5,31
29,69	5,40
29,71	5,43
29,74	5,49
29,76	5,52
29,79	5,60
29,81	5,69
29,84	5,77
29,86	5,86
29,89	5,93
29,91	6,02
29,93	6,11
29,96	6,21
29,98	6,29
30,01	6,38
30,03	6,43
30,06	6,53
30,08	6,60
30,10	6,73
30,13	6,83
30,15	6,96
30,18	7,04
30,20	7,20
30,23	7,28
30,25	7,47
30,28	7,55
30,30	7,70
30,32	7,77
30,35	7,94
30,37	8,01
30,40	8,22
30,42	8,29
30,45	8,49
30,47	8,59
30,50	8,81
30,52	8,91
30,54	9,14
30,57	9,24
30,59	9,47
30,62	9,60
30,64	9,85
30,67	9,96
30,69	10,18
30,72	10,29
30,74	10,50
30,76	10,60
30,79	10,82
30,81	10,91
30,84	11,15
30,86	11,29
30,89	11,54
30,91	11,70
30,94	11,96
30,96	12,11
30,98	12,38
31,01	12,52
31,03	12,75
31,06	12,91
31,08	13,15
31,11	13,30
31,13	13,53
31,15	13,68
31,18	13,94
31,20	14,13
31,23	14,38
31,25	14,57
31,28	14,81
31,30	15,01
31,33	15,30
31,35	15,49
31,37	15,72
31,40	15,92
31,42	16,14
31,45	16,35
31,47	16,56
31,50	16,73
31,52	16,98
31,55	17,17
31,57	17,38
31,59	17,60
31,62	17,79
31,64	18,02
31,67	18,23
31,69	18,41
31,72	18,56
31,74	18,73
31,77	18,85
31,79	19,05
31,81	19,17
31,84	19,34
31,86	19,43
31,89	19,60
31,91	19,69
31,94	19,88
31,96	19,94
31,99	20,10
32,01	20,13
32,03	20,25
32,06	20,29
32,08	20,42
32,11	20,43
32,13	20,50
32,16	20,46
32,18	20,53
32,20	20,50
32,23	20,54
32,25	20,47
32,28	20,47
32,30	20,39
32,33	20,39
32,35	20,28
32,38	20,28
32,40	20,15
32,42	20,12
32,45	19,98
32,47	19,95
32,50	19,77
32,52	19,75
32,55	19,55
32,57	19,47
32,60	19,25
32,62	19,15
32,64	18,91
32,67	18,81
32,69	18,53
32,72	18,39
32,74	18,12
32,77	17,98
32,79	17,77
32,82	17,64
32,84	17,36
32,86	17,19
32,89	16,93
32,91	16,78
32,94	16,51
32,96	16,24
32,99	15,90
33,01	15,65
33,04	15,36
33,06	15,13
33,08	14,80
33,11	14,59
33,13	14,32
33,16	14,13
33,18	13,92
33,21	13,71
33,23	13,45
33,26	13,25
33,28	12,98
33,30	12,74
33,33	12,48
33,35	12,24
33,38	12,00
33,40	11,77
33,43	11,51
33,45	11,32
33,47	11,14
33,50	10,94
33,52	10,78
33,55	10,57
33,57	10,41
33,60	10,22
33,62	10,05
33,65	9,87
33,67	9,72
33,69	9,49
33,72	9,36
33,74	9,15
33,77	9,04
33,79	8,88
33,82	8,78
33,84	8,60
33,87	8,54
33,89	8,39
33,91	8,38
33,94	8,25
33,96	8,20
33,99	8,07
34,01	8,06
34,04	7,94
34,06	7,95
34,09	7,81
34,11	7,82
34,13	7,70
34,16	7,70
34,18	7,63
34,21	7,66
34,23	7,57
34,26	7,63
34,28	7,56
34,31	7,64
34,33	7,58
34,35	7,62
34,38	7,60
34,40	7,67
34,43	7,64
34,45	7,74
34,48	7,71
34,50	7,79
34,52	7,80
34,55	7,88
34,57	7,91
34,60	8,02
34,62	8,05
34,65	8,17
34,67	8,22
34,70	8,34
34,72	8,43
34,74	8,56
34,77	8,66
34,79	8,78
34,82	8,86
34,84	8,97
34,87	9,07
34,89	9,17
34,92	9,29
34,94	9,39
34,96	9,50
34,99	9,64
35,01	9,82
35,04	9,99
35,06	10,19
35,09	10,31
35,11	10,52
35,14	10,69
35,16	10,91
35,18	11,06
35,21	11,22
35,23	11,32
35,26	11,53
35,28	11,63
35,31	11,87
35,33	12,00
35,36	12,24
35,38	12,40
35,40	12,66
35,43	12,82
35,45	13,15
35,48	13,31
35,50	13,60
35,53	13,78
35,55	14,06
35,57	14,23
35,60	14,51
35,62	14,64
35,65	14,93
35,67	15,08
35,70	15,35
35,72	15,56
35,75	15,88
35,77	16,07
35,79	16,39
35,82	16,60
35,84	16,97
35,87	17,19
35,89	17,46
35,92	17,66
35,94	17,95
35,97	18,15
35,99	18,45
36,01	18,63
36,04	18,95
36,06	19,23
36,09	19,56
36,11	19,84
36,14	20,20
36,16	20,47
36,19	20,85
36,21	21,11
36,23	21,41
36,26	21,67
36,28	21,98
36,31	22,23
36,33	22,54
36,36	22,75
36,38	23,04
36,41	23,32
36,43	23,64
36,45	23,93
36,48	24,23
36,50	24,49
36,53	24,80
36,55	25,08
36,58	25,41
36,60	25,65
36,62	25,86
36,65	26,08
36,67	26,26
36,70	26,49
36,72	26,70
36,75	26,88
36,77	27,06
36,80	27,28
36,82	27,48
36,84	27,74
36,87	27,90
36,89	28,09
36,92	28,23
36,94	28,40
36,97	28,48
36,99	28,65
37,02	28,69
37,04	28,84
37,06	28,84
37,09	28,93
37,11	28,96
37,14	29,07
37,16	29,04
37,19	29,13
37,21	29,06
37,24	29,13
37,26	29,05
37,28	29,09
37,31	29,02
37,33	29,03
37,36	28,89
37,38	28,86
37,41	28,68
37,43	28,65
37,46	28,47
37,48	28,38
37,50	28,15
37,53	28,05
37,55	27,80
37,58	27,71
37,60	27,42
37,63	27,30
37,65	27,03
37,68	26,91
37,70	26,62
37,72	26,48
37,75	26,16
37,77	25,99
37,80	25,65
37,82	25,44
37,85	25,08
37,87	24,80
37,89	24,42
37,92	24,15
37,94	23,79
37,97	23,51
37,99	23,16
38,02	22,88
38,04	22,60
38,07	22,32
38,09	21,99
38,11	21,72
38,14	21,35
38,16	21,00
38,19	20,61
38,21	20,24
38,24	19,89
38,26	19,54
38,29	19,15
38,31	18,84
38,33	18,53
38,36	18,25
38,38	17,99
38,41	17,71
38,43	17,45
38,46	17,18
38,48	16,89
38,51	16,58
38,53	16,30
38,55	16,01
38,58	15,74
38,60	15,42
38,63	15,18
38,65	14,92
38,68	14,73
38,70	14,53
38,73	14,35
38,75	14,12
38,77	14,00
38,80	13,78
38,82	13,67
38,85	13,45
38,87	13,29
38,90	13,07
38,92	12,95
38,94	12,75
38,97	12,67
38,99	12,46
39,02	12,39
39,04	12,25
39,07	12,21
39,09	12,08
39,12	12,08
39,14	11,95
39,16	11,99
39,19	11,86
39,21	11,87
39,24	11,79
39,26	11,82
39,29	11,73
39,31	11,78
39,34	11,70
39,36	11,78
39,38	11,73
39,41	11,80
39,43	11,77
39,46	11,86
39,48	11,85
39,51	12,00
39,53	12,00
39,56	12,10
39,58	12,12
39,60	12,23
39,63	12,29
39,65	12,43
39,68	12,47
39,70	12,61
39,73	12,64
39,75	12,80
39,78	12,90
39,80	13,04
39,82	13,16
39,85	13,30
39,87	13,43
39,90	13,64
39,92	13,79
39,95	13,98
39,97	14,16
39,99	14,32
40,02	14,51
40,04	14,72
40,07	14,91
40,09	15,10
40,12	15,29
40,14	15,44
40,17	15,65
40,19	15,83
40,21	16,06
40,24	16,30
40,26	16,57
40,29	16,78
40,31	17,08
40,34	17,30
40,36	17,65
40,39	17,88
40,41	18,19
40,43	18,36
40,46	18,66
40,48	18,86
40,51	19,20
40,53	19,39
40,56	19,68
40,58	19,88
40,61	20,28
40,63	20,57
40,65	20,96
40,68	21,20
40,70	21,58
40,73	21,88
40,75	22,30
40,78	22,53
40,80	22,85
40,83	23,10
40,85	23,47
40,87	23,77
40,90	24,13
40,92	24,41
40,95	24,83
40,97	25,21
41,00	25,62
41,02	25,95
41,05	26,37
41,07	26,72
41,09	27,13
41,12	27,43
41,14	27,77
41,17	28,11
41,19	28,46
41,22	28,75
41,24	29,11
41,26	29,41
41,29	29,82
41,31	30,18
41,34	30,57
41,36	30,96
41,39	31,35
41,41	31,71
41,44	32,08
41,46	32,46
41,48	32,80
41,51	33,15
41,53	33,46
41,56	33,75
41,58	34,05
41,61	34,37
41,63	34,65
41,66	34,97
41,68	35,22
41,70	35,54
41,73	35,82
41,75	36,13
41,78	36,38
41,80	36,66
41,83	36,85
41,85	37,09
41,88	37,26
41,90	37,52
41,92	37,66
41,95	37,89
41,97	38,00
42,00	38,18
42,02	38,30
42,05	38,53
42,07	38,61
42,10	38,78
42,12	38,82
42,14	38,94
42,17	38,99
42,19	39,10
42,22	39,08
42,24	39,14
42,27	39,10
42,29	39,14
42,31	39,10
42,34	39,14
42,36	39,04
42,39	39,02
42,41	38,88
42,44	38,85
42,46	38,64
42,49	38,56
42,51	38,38
42,53	38,29
42,56	38,07
42,58	37,97
42,61	37,73
42,63	37,69
42,66	37,41
42,68	37,26
42,71	36,98
42,73	36,81
42,75	36,51
42,78	36,30
42,80	35,91
42,83	35,68
42,85	35,32
42,88	35,11
42,90	34,79
42,93	34,54
42,95	34,16
42,97	33,93
43,00	33,58
43,02	33,33
43,05	32,92
43,07	32,56
43,10	32,14
43,12	31,79
43,15	31,39
43,17	31,04
43,19	30,58
43,22	30,25
43,24	29,91
43,27	29,60
43,29	29,28
43,32	28,95
43,34	28,59
43,36	28,28
43,39	27,86
43,41	27,50
43,44	27,15
43,46	26,77
43,49	26,39
43,51	26,05
43,54	25,67
43,56	25,34
43,58	25,04
43,61	24,71
43,63	24,43
43,66	24,13
43,68	23,85
43,71	23,58
43,73	23,34
43,76	23,05
43,78	22,80
43,80	22,49
43,83	22,28
43,85	21,97
43,88	21,76
43,90	21,46
43,93	21,27
43,95	21,01
43,98	20,87
44,00	20,64
44,02	20,55
44,05	20,33
44,07	20,24
44,10	20,02
44,12	19,91
44,15	19,71
44,17	19,67
44,20	19,47
44,22	19,44
44,24	19,28
44,27	19,27
44,29	19,16
44,32	19,16
44,34	19,04
44,37	19,09
44,39	19,01
44,41	19,06
44,44	19,02
44,46	19,09
44,49	19,06
44,51	19,14
44,54	19,13
44,56	19,24
44,59	19,27
44,61	19,35
44,63	19,36
44,66	19,46
44,68	19,50
44,71	19,62
44,73	19,69
44,76	19,81
44,78	19,91
44,81	20,09
44,83	20,25
44,85	20,43
44,88	20,60
44,90	20,81
44,93	20,99
44,95	21,18
44,98	21,37
45,00	21,57
45,03	21,79
45,05	21,97
45,07	22,15
45,10	22,35
45,12	22,62
45,15	22,86
45,17	23,17
45,20	23,39
45,22	23,70
45,25	23,95
45,27	24,30
45,29	24,56
45,32	24,88
45,34	25,07
45,37	25,40
45,39	25,61
45,42	25,99
45,44	26,22
45,47	26,60
45,49	26,86
45,51	27,30
45,54	27,61
45,56	28,08
45,59	28,39
45,61	28,83
45,64	29,17
45,66	29,60
45,68	29,91
45,71	30,31
45,73	30,58
45,76	31,00
45,78	31,32
45,81	31,71
45,83	32,07
45,86	32,53
45,88	32,93
45,90	33,46
45,93	33,88
45,95	34,38
45,98	34,81
46,00	35,23
46,03	35,64
46,05	36,09
46,08	36,47
46,10	36,91
46,12	37,27
46,15	37,72
46,17	38,19
46,20	38,67
46,22	39,14
46,25	39,64
46,27	40,10
46,30	40,63
46,32	41,08
46,34	41,60
46,37	42,03
46,39	42,45
46,42	42,84
46,44	43,27
46,47	43,65
46,49	44,09
46,52	44,48
46,54	44,95
46,56	45,42
46,59	45,87
46,61	46,27
46,64	46,69
46,66	47,14
46,69	47,54
46,71	47,95
46,73	48,24
46,76	48,61
46,78	48,94
46,81	49,25
46,83	49,45
46,86	49,64
46,88	49,76
46,91	49,90
46,93	49,97
46,95	50,00
46,98	50,00
47,00	50,00
47,03	50,00
47,05	50,00
47,08	50,00
47,10	50,00
47,13	50,00
47,15	50,00
47,17	50,00
47,20	50,00
47,22	50,00
47,25	50,00
47,27	50,00
47,30	50,00
47,32	50,00
47,35	50,00
47,37	50,00
47,39	50,00
47,42	50,00
47,44	50,00
47,47	50,00
47,49	50,00
47,52	50,00
47,54	50,00
47,57	50,00
47,59	50,00
47,61	50,00
47,64	50,00
47,66	50,00
47,69	50,00
47,71	50,00
47,74	50,00
47,76	50,00
47,78	50,00
47,81	50,00
47,83	50,00
47,86	50,00
47,88	50,00
47,91	50,00
47,93	50,00
47,96	50,00
47,98	50,00
48,00	50,00
48,03	50,00
48,05	49,98
48,08	49,96
48,10	49,92
48,13	49,82
48,15	49,66
48,18	49,46
48,20	49,22
48,22	48,95
48,25	48,60
48,27	48,21
48,30	47,79
48,32	47,40
48,35	47,01
48,37	46,61
48,40	46,18
48,42	45,77
48,44	45,42
48,47	45,09
48,49	44,75
48,52	44,42
48,54	44,08
48,57	43,76
48,59	43,43
48,62	43,02
48,64	42,67
48,66	42,30
48,69	41,92
48,71	41,47
48,74	41,10
48,76	40,71
48,79	40,36
48,81	40,02
48,84	39,73
48,86	39,42
48,88	39,23
48,91	38,93
48,93	38,68
48,96	38,43
48,98	38,21
49,01	37,93
49,03	37,72
49,05	37,41
49,08	37,22
49,10	36,98
49,13	36,82
49,15	36,59
49,18	36,44
49,20	36,21
49,23	36,14
49,25	35,93
49,27	35,89
49,30	35,72
49,32	35,64
49,35	35,47
49,37	35,42
49,40	35,26
49,42	35,28
49,45	35,14
49,47	35,14
49,49	35,03
49,52	35,08
49,54	35,04
49,57	35,12
49,59	35,05
49,62	35,15
49,64	35,14
49,67	35,28
49,69	35,29
49,71	35,45
49,74	35,48
49,76	35,64
49,79	35,71
49,81	35,96
49,84	36,03
49,86	36,22
49,89	36,31
49,91	36,47
49,93	36,60
49,96	36,82
49,98	36,94
50,01	37,20
50,03	37,39
50,06	37,66
50,08	37,94
50,10	38,25
50,13	38,52
50,15	38,84
50,18	39,12
50,20	39,40
50,23	39,70
50,25	39,99
50,28	40,33
50,30	40,63
50,32	40,97
50,35	41,30
50,37	41,75
50,40	42,13
50,42	42,62
50,45	42,98
50,47	43,45
50,50	43,85
50,52	44,39
50,54	44,81
50,57	45,30
50,59	45,65
50,62	46,18
50,64	46,58
50,67	47,16
50,69	47,59
50,72	48,15
50,74	48,62
50,76	49,08
50,79	49,41
50,81	49,74
50,84	49,88
50,86	50,00
50,89	50,00
50,91	50,00
50,94	50,00
50,96	50,00
50,98	50,00
51,01	50,00
51,03	50,00
51,06	50,00
51,08	50,00
51,11	50,00
51,13	50,00
51,15	50,00
51,18	50,00
51,20	50,00
51,23	50,00
51,25	50,00
51,28	50,00
51,30	50,00
51,33	50,00
51,35	50,00
51,37	50,00
51,40	50,00
51,42	50,00
51,45	50,00
51,47	50,00
51,50	50,00
51,52	50,00
51,55	50,00
51,57	50,00
51,59	50,00
51,62	50,00
51,64	50,00
51,67	50,00
51,69	50,00
51,72	50,00
51,74	50,00
51,77	50,00
51,79	50,00
51,81	50,00
51,84	50,00
51,86	50,00
51,89	50,00
51,91	50,00
51,94	50,00
51,96	50,00
51,99	50,00
52,01	50,00
52,03	50,00
52,06	50,00
52,08	50,00
52,11	50,00
52,13	50,00
52,16	50,00
52,18	50,00
52,20	50,00
52,23	50,00
52,25	50,00
52,28	50,00
52,30	50,00
52,33	50,00
52,35	50,00
52,38	50,00
52,40	50,00
52,42	50,00
52,45	50,00
52,47	50,00
52,50	50,00
52,52	50,00
52,55	50,00
52,57	50,00
52,60	50,00
52,62	50,00
52,64	50,00
52,67	50,00
52,69	50,00
52,72	50,00
52,74	50,00
52,77	50,00
52,79	50,00
52,82	50,00
52,84	50,00
52,86	50,00
52,89	50,00
52,91	50,00
52,94	50,00
52,96	50,00
52,99	50,00
53,01	50,00
53,04	50,00
53,06	50,00
53,08	50,00
53,11	50,00
53,13	50,00
53,16	50,00
53,18	50,00
53,21	50,00
53,23	50,00
53,26	50,00
53,28	50,00
53,30	50,00
53,33	50,00
53,35	50,00
53,38	50,00
53,40	50,00
53,43	50,00
53,45	50,00
53,47	50,00
53,50	50,00
53,52	50,00
53,55	50,00
53,57	50,00
53,60	50,00
53,62	50,00
53,65	50,00
53,67	50,00
53,69	50,00
53,72	50,00
53,74	50,00
53,77	50,00
53,79	50,00
53,82	50,00
53,84	50,00
53,87	50,00
53,89	50,00
53,91	50,00
53,94	50,00
53,96	50,00
53,99	50,00
54,01	50,00
54,04	50,00
54,06	50,00
54,09	50,00
54,11	50,00
54,13	50,00
54,16	50,00
54,18	50,00
54,21	50,00
54,23	50,00
54,26	50,00
54,28	50,00
54,31	50,00
54,33	50,00
54,35	50,00
54,38	50,00
54,40	50,00
54,43	50,00
54,45	50,00
54,48	50,00
54,50	50,00
54,52	50,00
54,55	50,00
54,57	50,00
54,60	50,00
54,62	50,00
54,65	50,00
54,67	50,00
54,70	50,00
54,72	50,00
54,74	50,00
54,77	50,00
54,79	50,00
54,82	50,00
54,84	50,00
54,87	50,00
54,89	50,00
54,92	50,00
54,94	50,00
54,96	50,00
54,99	50,00
55,01	50,00
55,04	50,00
55,06	50,00
55,09	50,00
55,11	50,00
55,14	50,00
55,16	50,00
55,18	50,00
55,21	50,00
55,23	50,00
55,26	50,00
55,28	50,00
55,31	50,00
55,33	50,00
55,36	50,00
55,38	50,00
55,40	50,00
55,43	50,00
55,45	50,00
55,48	50,00
55,50	50,00
55,53	50,00
55,55	50,00
55,57	50,00
55,60	50,00
55,62	50,00
55,65	50,00
55,67	50,00
55,70	50,00
55,72	50,00
55,75	50,00
55,77	50,00
55,79	50,00
55,82	50,00
55,84	50,00
55,87	50,00
55,89	50,00
55,92	50,00
55,94	50,00
55,97	50,00
55,99	50,00
56,01	50,00
56,04	50,00
56,06	50,00
56,09	50,00
56,11	50,00
56,14	50,00
56,16	50,00
56,19	50,00
56,21	50,00
56,23	50,00
56,26	50,00
56,28	50,00
56,31	50,00
56,33	50,00
56,36	50,00
56,38	50,00
56,41	50,00
56,43	50,00
56,45	50,00
56,48	50,00
56,50	50,00
56,53	50,00
56,55	50,00
56,58	50,00
56,60	50,00
56,62	50,00
56,65	50,00
56,67	50,00
56,70	50,00
56,72	50,00
56,75	50,00
56,77	50,00
56,80	50,00
56,82	50,00
56,84	50,00
56,87	50,00
56,89	50,00
56,92	50,00
56,94	50,00
56,97	50,00
56,99	50,00
57,02	50,00
57,04	50,00
57,06	50,00
57,09	50,00
57,11	50,00
57,14	50,00
57,16	50,00
57,19	50,00
57,21	50,00
57,24	50,00
57,26	50,00
57,28	50,00
57,31	50,00
57,33	50,00
57,36	50,00
57,38	50,00
57,41	50,00
57,43	50,00
57,46	50,00
57,48	50,00
57,50	50,00
57,53	50,00
57,55	50,00
57,58	50,00
57,60	50,00
57,63	50,00
57,65	50,00
57,68	50,00
57,70	50,00
57,72	50,00
57,75	50,00
57,77	50,00
57,80	50,00
57,82	50,00
57,85	50,00
57,87	50,00
57,89	50,00
57,92	50,00
57,94	50,00
57,97	50,00
57,99	50,00
58,02	50,00
58,04	50,00
58,07	50,00
58,09	50,00
58,11	50,00
58,14	50,00
58,16	50,00
58,19	50,00
58,21	50,00
58,24	50,00
58,26	50,00
58,29	50,00
58,31	50,00
58,33	50,00
58,36	50,00
58,38	50,00
58,41	50,00
58,43	50,00
58,46	50,00
58,48	50,00
58,51	50,00
58,53	50,00
58,55	50,00
58,58	50,00
58,60	50,00
58,63	50,00
58,65	50,00
58,68	50,00
58,70	50,00
58,73	50,00
58,75	50,00
58,77	50,00
58,80	50,00
58,82	50,00
58,85	50,00
58,87	50,00
58,90	50,00
58,92	50,00
58,94	50,00
58,97	50,00
58,99	50,00
59,02	50,00
59,04	50,00
59,07	50,00
59,09	50,00
59,12	50,00
59,14	50,00
59,16	50,00
59,19	50,00
59,21	50,00
59,24	50,00
59,26	50,00
59,29	50,00
59,31	50,00
59,34	50,00
59,36	50,00
59,38	50,00
59,41	50,00
59,43	50,00
59,46	50,00
59,48	50,00
59,51	50,00
59,53	50,00
59,56	50,00
59,58	50,00
59,60	50,00
59,63	50,00
59,65	50,00
59,68	50,00
59,70	50,00
59,73	50,00
59,75	50,00
59,78	50,00
59,80	50,00
59,82	50,00
59,85	50,00
59,87	50,00
59,90	50,00
59,92	50,00
59,95	50,00
59,97	50,00
59,99	50,00
