Voltage U1	Corriente IA
U1/V	IA/nA

0,02	0,63
0,04	0,60
0,07	0,54
0,09	0,52
0,12	0,45
0,14	0,50
0,17	0,42
0,19	0,46
0,21	0,44
0,24	0,50
0,26	0,45
0,29	0,52
0,31	0,48
0,34	0,55
0,36	0,49
0,39	0,54
0,41	0,52
0,43	0,59
0,46	0,51
0,48	0,58
0,51	0,51
0,53	0,57
0,56	0,52
0,58	0,53
0,61	0,48
0,63	0,54
0,65	0,46
0,68	0,56
0,70	0,50
0,73	0,54
0,75	0,50
0,78	0,51
0,80	0,47
0,83	0,53
0,85	0,46
0,87	0,50
0,90	0,45
0,92	0,45
0,95	0,46
0,97	0,51
1,00	0,48
1,02	0,52
1,05	0,47
1,07	0,51
1,09	0,52
1,12	0,54
1,14	0,51
1,17	0,51
1,19	0,48
1,22	0,50
1,24	0,49
1,26	0,51
1,29	0,51
1,31	0,50
1,34	0,50
1,36	0,49
1,39	0,52
1,41	0,55
1,44	0,55
1,46	0,53
1,48	0,54
1,51	0,50
1,53	0,53
1,56	0,50
1,58	0,50
1,61	0,46
1,63	0,47
1,66	0,42
1,68	0,49
1,70	0,46
1,73	0,51
1,75	0,44
1,78	0,48
1,80	0,46
1,83	0,52
1,85	0,47
1,88	0,53
1,90	0,48
1,92	0,54
1,95	0,50
1,97	0,53
2,00	0,49
2,02	0,55
2,05	0,46
2,07	0,52
2,10	0,48
2,12	0,53
2,14	0,51
2,17	0,56
2,19	0,45
2,22	0,52
2,24	0,44
2,27	0,51
2,29	0,46
2,31	0,48
2,34	0,42
2,36	0,50
2,39	0,45
2,41	0,51
2,44	0,46
2,46	0,50
2,49	0,47
2,51	0,54
2,53	0,51
2,56	0,56
2,58	0,50
2,61	0,53
2,63	0,50
2,66	0,54
2,68	0,52
2,71	0,52
2,73	0,49
2,75	0,52
2,78	0,51
2,80	0,54
2,83	0,52
2,85	0,51
2,88	0,53
2,90	0,53
2,93	0,52
2,95	0,54
2,97	0,50
3,00	0,51
3,02	0,51
3,05	0,49
3,07	0,52
3,10	0,51
3,12	0,51
3,15	0,51
3,17	0,51
3,19	0,49
3,22	0,51
3,24	0,48
3,27	0,52
3,29	0,49
3,32	0,49
3,34	0,46
3,36	0,50
3,39	0,46
3,41	0,51
3,44	0,45
3,46	0,48
3,49	0,46
3,51	0,53
3,54	0,50
3,56	0,56
3,58	0,50
3,61	0,59
3,63	0,55
3,66	0,60
3,68	0,55
3,71	0,58
3,73	0,51
3,76	0,56
3,78	0,48
3,80	0,53
3,83	0,46
3,85	0,50
3,88	0,46
3,90	0,52
3,93	0,45
3,95	0,52
3,98	0,46
4,00	0,53
4,02	0,49
4,05	0,53
4,07	0,47
4,10	0,55
4,12	0,49
4,15	0,55
4,17	0,48
4,20	0,54
4,22	0,51
4,24	0,57
4,27	0,52
4,29	0,57
4,32	0,54
4,34	0,64
4,37	0,60
4,39	0,62
4,42	0,58
4,44	0,61
4,46	0,56
4,49	0,59
4,51	0,53
4,54	0,55
4,56	0,50
4,59	0,53
4,61	0,53
4,63	0,59
4,66	0,57
4,68	0,59
4,71	0,57
4,73	0,61
4,76	0,61
4,78	0,62
4,81	0,60
4,83	0,59
4,85	0,56
4,88	0,59
4,90	0,60
4,93	0,59
4,95	0,59
4,98	0,57
5,00	0,59
5,03	0,61
5,05	0,61
5,07	0,63
5,10	0,65
5,12	0,62
5,15	0,65
5,17	0,61
5,20	0,65
5,22	0,63
5,25	0,64
5,27	0,61
5,29	0,62
5,32	0,57
5,34	0,65
5,37	0,61
5,39	0,65
5,42	0,60
5,44	0,65
5,47	0,63
5,49	0,70
5,51	0,63
5,54	0,68
5,56	0,60
5,59	0,67
5,61	0,64
5,64	0,68
5,66	0,64
5,68	0,70
5,71	0,64
5,73	0,72
5,76	0,66
5,78	0,71
5,81	0,69
5,83	0,74
5,86	0,69
5,88	0,75
5,90	0,70
5,93	0,75
5,95	0,70
5,98	0,74
6,00	0,70
6,03	0,73
6,05	0,70
6,08	0,77
6,10	0,72
6,12	0,76
6,15	0,72
6,17	0,78
6,20	0,77
6,22	0,79
6,25	0,73
6,27	0,78
6,30	0,76
6,32	0,81
6,34	0,79
6,37	0,81
6,39	0,79
6,42	0,83
6,44	0,82
6,47	0,86
6,49	0,84
6,52	0,83
6,54	0,84
6,56	0,86
6,59	0,87
6,61	0,90
6,64	0,89
6,66	0,88
6,69	0,88
6,71	0,87
6,73	0,90
6,76	0,88
6,78	0,88
6,81	0,87
6,83	0,90
6,86	0,91
6,88	0,94
6,91	0,94
6,93	1,00
6,95	0,98
6,98	1,01
7,00	0,99
7,03	1,04
7,05	1,03
7,08	1,08
7,10	1,03
7,13	1,07
7,15	1,03
7,17	1,09
7,20	1,06
7,22	1,09
7,25	1,03
7,27	1,10
7,30	1,05
7,32	1,13
7,35	1,08
7,37	1,12
7,39	1,08
7,42	1,15
7,44	1,10
7,47	1,17
7,49	1,09
7,52	1,16
7,54	1,13
7,57	1,20
7,59	1,15
7,61	1,22
7,64	1,16
7,66	1,23
7,69	1,18
7,71	1,23
7,74	1,18
7,76	1,23
7,78	1,18
7,81	1,28
7,83	1,25
7,86	1,36
7,88	1,34
7,91	1,39
7,93	1,35
7,96	1,40
7,98	1,35
8,00	1,40
8,03	1,31
8,05	1,33
8,08	1,30
8,10	1,33
8,13	1,33
8,15	1,36
8,18	1,33
8,20	1,37
8,22	1,34
8,25	1,36
8,27	1,37
8,30	1,39
8,32	1,38
8,35	1,37
8,37	1,37
8,40	1,40
8,42	1,43
8,44	1,42
8,47	1,42
8,49	1,41
8,52	1,43
8,54	1,45
8,57	1,48
8,59	1,47
8,62	1,49
8,64	1,47
8,66	1,51
8,69	1,49
8,71	1,50
8,74	1,46
8,76	1,49
8,79	1,45
8,81	1,50
8,84	1,45
8,86	1,52
8,88	1,50
8,91	1,57
8,93	1,52
8,96	1,57
8,98	1,53
9,01	1,62
9,03	1,56
9,05	1,59
9,08	1,53
9,10	1,60
9,13	1,56
9,15	1,61
9,18	1,53
9,20	1,59
9,23	1,53
9,25	1,60
9,27	1,57
9,30	1,63
9,32	1,59
9,35	1,67
9,37	1,63
9,40	1,71
9,42	1,67
9,45	1,71
9,47	1,67
9,49	1,71
9,52	1,66
9,54	1,72
9,57	1,67
9,59	1,72
9,62	1,65
9,64	1,71
9,67	1,68
9,69	1,72
9,71	1,68
9,74	1,74
9,76	1,69
9,79	1,75
9,81	1,73
9,84	1,78
9,86	1,75
9,89	1,78
9,91	1,74
9,93	1,78
9,96	1,76
9,98	1,80
10,01	1,82
10,03	1,83
10,06	1,82
10,08	1,83
10,10	1,82
10,13	1,86
10,15	1,86
10,18	1,83
10,20	1,83
10,23	1,83
10,25	1,85
10,28	1,88
10,30	1,88
10,32	1,87
10,35	1,87
10,37	1,86
10,40	1,91
10,42	1,92
10,45	1,94
10,47	1,94
10,50	1,95
10,52	1,96
10,54	2,01
10,57	1,98
10,59	2,04
10,62	1,98
10,64	2,01
10,67	1,99
10,69	2,06
10,72	2,04
10,74	2,12
10,76	2,06
10,79	2,13
10,81	2,10
10,84	2,17
10,86	2,14
10,89	2,19
10,91	2,13
10,94	2,22
10,96	2,18
10,98	2,25
11,01	2,21
11,03	2,29
11,06	2,25
11,08	2,32
11,11	2,28
11,13	2,38
11,15	2,33
11,18	2,40
11,20	2,37
11,23	2,46
11,25	2,42
11,28	2,50
11,30	2,46
11,33	2,53
11,35	2,51
11,37	2,57
11,40	2,55
11,42	2,61
11,45	2,57
11,47	2,66
11,50	2,64
11,52	2,71
11,55	2,69
11,57	2,75
11,59	2,76
11,62	2,84
11,64	2,81
11,67	2,90
11,69	2,88
11,72	2,93
11,74	2,92
11,77	2,95
11,79	2,96
11,81	3,02
11,84	3,01
11,86	3,06
11,89	3,06
11,91	3,10
11,94	3,14
11,96	3,19
11,99	3,22
12,01	3,24
12,03	3,24
12,06	3,28
12,08	3,33
12,11	3,33
12,13	3,36
12,16	3,35
12,18	3,38
12,21	3,41
12,23	3,45
12,25	3,45
12,28	3,49
12,30	3,46
12,33	3,52
12,35	3,51
12,38	3,55
12,40	3,55
12,42	3,58
12,45	3,54
12,47	3,59
12,50	3,54
12,52	3,62
12,55	3,58
12,57	3,63
12,60	3,61
12,62	3,67
12,64	3,63
12,67	3,74
12,69	3,69
12,72	3,75
12,74	3,71
12,77	3,77
12,79	3,74
12,82	3,81
12,84	3,73
12,86	3,80
12,89	3,72
12,91	3,77
12,94	3,72
12,96	3,78
12,99	3,73
13,01	3,78
13,04	3,72
13,06	3,84
13,08	3,78
13,11	3,83
13,13	3,77
13,16	3,80
13,18	3,77
13,21	3,82
13,23	3,75
13,26	3,82
13,28	3,76
13,30	3,80
13,33	3,79
13,35	3,83
13,38	3,78
13,40	3,83
13,43	3,79
13,45	3,83
13,47	3,80
13,50	3,84
13,52	3,79
13,55	3,82
13,57	3,76
13,60	3,78
13,62	3,73
13,65	3,77
13,67	3,74
13,69	3,74
13,72	3,72
13,74	3,73
13,77	3,73
13,79	3,79
13,82	3,77
13,84	3,76
13,87	3,76
13,89	3,73
13,91	3,76
13,94	3,75
13,96	3,72
13,99	3,69
14,01	3,69
14,04	3,67
14,06	3,72
14,09	3,69
14,11	3,72
14,13	3,72
14,16	3,74
14,18	3,71
14,21	3,76
14,23	3,73
14,26	3,76
14,28	3,71
14,31	3,72
14,33	3,69
14,35	3,75
14,38	3,71
14,40	3,76
14,43	3,71
14,45	3,78
14,48	3,73
14,50	3,80
14,52	3,78
14,55	3,83
14,57	3,78
14,60	3,87
14,62	3,80
14,65	3,87
14,67	3,82
14,70	3,87
14,72	3,84
14,74	3,89
14,77	3,83
14,79	3,93
14,82	3,89
14,84	3,96
14,87	3,93
14,89	4,00
14,92	3,98
14,94	4,06
14,96	4,01
14,99	4,09
15,01	4,06
15,04	4,13
15,06	4,12
15,09	4,17
15,11	4,14
15,14	4,22
15,16	4,19
15,18	4,28
15,21	4,27
15,23	4,30
15,26	4,31
15,28	4,37
15,31	4,37
15,33	4,43
15,36	4,40
15,38	4,44
15,40	4,44
15,43	4,47
15,45	4,49
15,48	4,53
15,50	4,56
15,53	4,62
15,55	4,65
15,57	4,71
15,60	4,79
15,62	4,84
15,65	4,89
15,67	4,90
15,70	4,93
15,72	4,96
15,75	5,03
15,77	5,04
15,79	5,11
15,82	5,10
15,84	5,18
15,87	5,22
15,89	5,30
15,92	5,33
15,94	5,44
15,97	5,42
15,99	5,55
16,01	5,55
16,04	5,65
16,06	5,67
16,09	5,75
16,11	5,72
16,14	5,82
16,16	5,81
16,19	5,95
16,21	5,94
16,23	6,04
16,26	6,06
16,28	6,20
16,31	6,22
16,33	6,36
16,36	6,35
16,38	6,51
16,41	6,52
16,43	6,64
16,45	6,65
16,48	6,77
16,50	6,77
16,53	6,91
16,55	6,88
16,58	7,01
16,60	7,03
16,63	7,14
16,65	7,18
16,67	7,31
16,70	7,30
16,72	7,45
16,75	7,44
16,77	7,55
16,80	7,56
16,82	7,62
16,84	7,64
16,87	7,76
16,89	7,76
16,92	7,87
16,94	7,87
16,97	7,94
16,99	8,00
17,02	8,09
17,04	8,10
17,06	8,17
17,09	8,16
17,11	8,25
17,14	8,28
17,16	8,33
17,19	8,34
17,21	8,38
17,24	8,40
17,26	8,45
17,28	8,45
17,31	8,49
17,33	8,51
17,36	8,52
17,38	8,53
17,41	8,53
17,43	8,56
17,46	8,60
17,48	8,59
17,50	8,58
17,53	8,59
17,55	8,56
17,58	8,58
17,60	8,57
17,63	8,57
17,65	8,53
17,68	8,52
17,70	8,47
17,72	8,53
17,75	8,49
17,77	8,52
17,80	8,47
17,82	8,49
17,85	8,45
17,87	8,50
17,89	8,42
17,92	8,44
17,94	8,35
17,97	8,37
17,99	8,31
18,02	8,34
18,04	8,24
18,07	8,26
18,09	8,15
18,11	8,19
18,14	8,10
18,16	8,12
18,19	8,05
18,21	8,08
18,24	7,99
18,26	8,02
18,29	7,90
18,31	7,93
18,33	7,81
18,36	7,82
18,38	7,72
18,41	7,73
18,43	7,64
18,46	7,68
18,48	7,59
18,51	7,62
18,53	7,53
18,55	7,56
18,58	7,50
18,60	7,53
18,63	7,41
18,65	7,42
18,68	7,34
18,70	7,37
18,73	7,31
18,75	7,28
18,77	7,21
18,80	7,24
18,82	7,20
18,85	7,23
18,87	7,18
18,90	7,16
18,92	7,13
18,94	7,13
18,97	7,10
18,99	7,10
19,02	7,05
19,04	7,03
19,07	7,00
19,09	7,00
19,12	7,01
19,14	7,01
19,16	7,00
19,19	7,00
19,21	7,00
19,24	7,00
19,26	7,02
19,29	7,00
19,31	7,03
19,34	7,00
19,36	7,02
19,38	7,00
19,41	7,04
19,43	7,03
19,46	7,10
19,48	7,05
19,51	7,08
19,53	7,05
19,56	7,13
19,58	7,13
19,60	7,20
19,63	7,14
19,65	7,23
19,68	7,22
19,70	7,31
19,73	7,28
19,75	7,37
19,78	7,35
19,80	7,44
19,82	7,43
19,85	7,54
19,87	7,50
19,90	7,59
19,92	7,57
19,95	7,68
19,97	7,67
19,99	7,78
20,02	7,77
20,04	7,91
20,07	7,91
20,09	8,02
20,12	8,02
20,14	8,12
20,17	8,13
20,19	8,25
20,21	8,23
20,24	8,35
20,26	8,36
20,29	8,47
20,31	8,49
20,34	8,59
20,36	8,61
20,39	8,74
20,41	8,78
20,43	8,88
20,46	8,92
20,48	9,02
20,51	9,09
20,53	9,21
20,56	9,26
20,58	9,36
20,61	9,40
20,63	9,50
20,65	9,59
20,68	9,70
20,70	9,76
20,73	9,87
20,75	9,95
20,78	10,10
20,80	10,21
20,83	10,32
20,85	10,43
20,87	10,52
20,90	10,59
20,92	10,69
20,95	10,81
20,97	10,90
21,00	11,01
21,02	11,07
21,05	11,20
21,07	11,31
21,09	11,44
21,12	11,54
21,14	11,67
21,17	11,75
21,19	11,90
21,22	11,98
21,24	12,15
21,26	12,23
21,29	12,38
21,31	12,44
21,34	12,59
21,36	12,66
21,39	12,85
21,41	12,94
21,44	13,12
21,46	13,19
21,48	13,39
21,51	13,50
21,53	13,71
21,56	13,75
21,58	13,91
21,61	13,95
21,63	14,13
21,66	14,19
21,68	14,35
21,70	14,38
21,73	14,54
21,75	14,60
21,78	14,80
21,80	14,84
21,83	15,01
21,85	15,05
21,88	15,22
21,90	15,27
21,92	15,42
21,95	15,42
21,97	15,54
22,00	15,54
22,02	15,66
22,05	15,66
22,07	15,76
22,10	15,77
22,12	15,90
22,14	15,90
22,17	15,99
22,19	16,01
22,22	16,10
22,24	16,12
22,27	16,17
22,29	16,13
22,31	16,20
22,34	16,19
22,36	16,24
22,39	16,23
22,41	16,24
22,44	16,23
22,46	16,27
22,49	16,26
22,51	16,30
22,53	16,25
22,56	16,24
22,58	16,20
22,61	16,17
22,63	16,14
22,66	16,11
22,68	16,06
22,71	16,00
22,73	15,95
22,75	15,91
22,78	15,88
22,80	15,81
22,83	15,74
22,85	15,65
22,88	15,60
22,90	15,50
22,93	15,46
22,95	15,34
22,97	15,31
23,00	15,19
23,02	15,11
23,05	15,00
23,07	14,97
23,10	14,84
23,12	14,82
23,15	14,67
23,17	14,60
23,19	14,47
23,22	14,43
23,24	14,29
23,27	14,25
23,29	14,07
23,32	14,02
23,34	13,88
23,36	13,85
23,39	13,70
23,41	13,65
23,44	13,48
23,46	13,45
23,49	13,30
23,51	13,27
23,54	13,13
23,56	13,09
23,58	12,96
23,61	12,95
23,63	12,82
23,66	12,81
23,68	12,68
23,71	12,66
23,73	12,54
23,76	12,53
23,78	12,42
23,80	12,41
23,83	12,30
23,85	12,33
23,88	12,23
23,90	12,24
23,93	12,15
23,95	12,15
23,98	12,07
24,00	12,09
24,02	12,01
24,05	12,04
24,07	11,97
24,10	11,97
24,12	11,92
24,15	11,95
24,17	11,93
24,20	11,95
24,22	11,93
24,24	11,96
24,27	11,94
24,29	11,94
24,32	11,97
24,34	12,01
24,37	12,03
24,39	12,04
24,42	12,05
24,44	12,09
24,46	12,15
24,49	12,15
24,51	12,19
24,54	12,19
24,56	12,25
24,59	12,31
24,61	12,39
24,63	12,42
24,66	12,51
24,68	12,52
24,71	12,62
24,73	12,64
24,76	12,74
24,78	12,77
24,81	12,85
24,83	12,85
24,85	12,97
24,88	12,99
24,90	13,15
24,93	13,18
24,95	13,31
24,98	13,37
25,00	13,53
25,03	13,58
25,05	13,76
25,07	13,77
25,10	13,91
25,12	13,95
25,15	14,10
25,17	14,14
25,20	14,32
25,22	14,33
25,25	14,49
25,27	14,55
25,29	14,73
25,32	14,81
25,34	14,99
25,37	15,08
25,39	15,28
25,42	15,38
25,44	15,59
25,47	15,64
25,49	15,80
25,51	15,85
25,54	16,00
25,56	16,07
25,59	16,26
25,61	16,35
25,64	16,56
25,66	16,67
25,68	16,88
25,71	17,01
25,73	17,22
25,76	17,33
25,78	17,52
25,81	17,63
25,83	17,81
25,86	17,95
25,88	18,14
25,90	18,27
25,93	18,43
25,95	18,57
25,98	18,77
26,00	18,94
26,03	19,14
26,05	19,32
26,08	19,53
26,10	19,73
26,12	19,90
26,15	20,08
26,17	20,27
26,20	20,43
26,22	20,55
26,25	20,72
26,27	20,85
26,30	21,10
26,32	21,29
26,34	21,47
26,37	21,64
26,39	21,85
26,42	22,01
26,44	22,30
26,47	22,41
26,49	22,62
26,52	22,77
26,54	22,96
26,56	23,09
26,59	23,35
26,61	23,44
26,64	23,68
26,66	23,78
26,69	24,00
26,71	24,15
26,73	24,39
26,76	24,46
26,78	24,67
26,81	24,77
26,83	24,98
26,86	25,06
26,88	25,24
26,91	25,34
26,93	25,52
26,95	25,59
26,98	25,79
27,00	25,84
27,03	26,04
27,05	26,11
27,08	26,28
27,10	26,33
27,13	26,47
27,15	26,52
27,17	26,67
27,20	26,68
27,22	26,81
27,25	26,85
27,27	26,99
27,30	27,00
27,32	27,12
27,35	27,09
27,37	27,20
27,39	27,19
27,42	27,26
27,44	27,23
27,47	27,27
27,49	27,20
27,52	27,28
27,54	27,21
27,57	27,26
27,59	27,19
27,61	27,17
27,64	27,13
27,66	27,10
27,69	27,01
27,71	26,98
27,74	26,84
27,76	26,77
27,78	26,64
27,81	26,53
27,83	26,42
27,86	26,33
27,88	26,22
27,91	26,11
27,93	25,96
27,96	25,83
27,98	25,73
28,00	25,61
28,03	25,44
28,05	25,24
28,08	25,09
28,10	24,91
28,13	24,73
28,15	24,50
28,18	24,34
28,20	24,11
28,22	23,95
28,25	23,75
28,27	23,61
28,30	23,44
28,32	23,32
28,35	23,09
28,37	22,97
28,40	22,75
28,42	22,59
28,44	22,39
28,47	22,24
28,49	22,01
28,52	21,89
28,54	21,67
28,57	21,60
28,59	21,41
28,62	21,31
28,64	21,13
28,66	21,04
28,69	20,87
28,71	20,84
28,74	20,66
28,76	20,60
28,79	20,42
28,81	20,37
28,84	20,20
28,86	20,16
28,88	19,99
28,91	19,99
28,93	19,83
28,96	19,83
28,98	19,72
29,01	19,72
29,03	19,61
29,05	19,62
29,08	19,49
29,10	19,51
29,13	19,43
29,15	19,45
29,18	19,37
29,20	19,37
29,23	19,31
29,25	19,37
29,27	19,34
29,30	19,37
29,32	19,31
29,35	19,35
29,37	19,35
29,40	19,39
29,42	19,38
29,45	19,43
29,47	19,44
29,49	19,52
29,52	19,58
29,54	19,67
29,57	19,73
29,59	19,80
29,62	19,83
29,64	19,91
29,67	19,95
29,69	20,03
29,71	20,10
29,74	20,16
29,76	20,23
29,79	20,32
29,81	20,43
29,84	20,59
29,86	20,72
29,89	20,81
29,91	20,95
29,93	21,05
29,96	21,21
29,98	21,30
30,01	21,41
30,03	21,49
30,06	21,63
30,08	21,71
30,10	21,94
30,13	22,04
30,15	22,25
30,18	22,36
30,20	22,57
30,23	22,70
30,25	22,95
30,28	23,06
30,30	23,27
30,32	23,37
30,35	23,59
30,37	23,73
30,40	23,95
30,42	24,05
30,45	24,27
30,47	24,43
30,50	24,71
30,52	24,86
30,54	25,11
30,57	25,29
30,59	25,57
30,62	25,74
30,64	26,00
30,67	26,11
30,69	26,34
30,72	26,46
30,74	26,70
30,76	26,87
30,79	27,10
30,81	27,27
30,84	27,58
30,86	27,79
30,89	28,09
30,91	28,30
30,94	28,59
30,96	28,83
30,98	29,13
31,01	29,31
31,03	29,59
31,06	29,78
31,08	30,06
31,11	30,28
31,13	30,53
31,15	30,72
31,18	31,03
31,20	31,29
31,23	31,61
31,25	31,86
31,28	32,13
31,30	32,43
31,33	32,72
31,35	32,97
31,37	33,23
31,40	33,46
31,42	33,72
31,45	33,95
31,47	34,18
31,50	34,47
31,52	34,73
31,55	35,03
31,57	35,29
31,59	35,57
31,62	35,83
31,64	36,14
31,67	36,39
31,69	36,70
31,72	36,89
31,74	37,12
31,77	37,30
31,79	37,58
31,81	37,75
31,84	38,02
31,86	38,15
31,89	38,43
31,91	38,65
31,94	38,99
31,96	39,17
31,99	39,48
32,01	39,62
32,03	39,94
32,06	40,09
32,08	40,33
32,11	40,44
32,13	40,68
32,16	40,74
32,18	40,96
32,20	41,06
32,23	41,29
32,25	41,39
32,28	41,59
32,30	41,65
32,33	41,86
32,35	41,90
32,38	41,99
32,40	42,00
32,42	42,11
32,45	42,09
32,47	42,17
32,50	42,13
32,52	42,20
32,55	42,17
32,57	42,21
32,60	42,13
32,62	42,16
32,64	42,06
32,67	42,06
32,69	41,93
32,72	41,91
32,74	41,78
32,77	41,77
32,79	41,57
32,82	41,49
32,84	41,31
32,86	41,19
32,89	41,03
32,91	40,91
32,94	40,68
32,96	40,55
32,99	40,27
33,01	40,08
33,04	39,85
33,06	39,66
33,08	39,35
33,11	39,16
33,13	38,91
33,16	38,74
33,18	38,51
33,21	38,27
33,23	38,00
33,26	37,76
33,28	37,49
33,30	37,23
33,33	36,94
33,35	36,66
33,38	36,40
33,40	36,11
33,43	35,84
33,45	35,57
33,47	35,31
33,50	35,10
33,52	34,87
33,55	34,61
33,57	34,41
33,60	34,16
33,62	33,97
33,65	33,73
33,67	33,51
33,69	33,24
33,72	33,03
33,74	32,78
33,77	32,65
33,79	32,43
33,82	32,31
33,84	32,08
33,87	31,96
33,89	31,80
33,91	31,70
33,94	31,51
33,96	31,42
33,99	31,21
34,01	31,17
34,04	31,04
34,06	30,97
34,09	30,82
34,11	30,79
34,13	30,64
34,16	30,64
34,18	30,48
34,21	30,47
34,23	30,35
34,26	30,38
34,28	30,30
34,31	30,34
34,33	30,25
34,35	30,34
34,38	30,30
34,40	30,37
34,43	30,33
34,45	30,38
34,48	30,35
34,50	30,48
34,52	30,48
34,55	30,56
34,57	30,59
34,60	30,71
34,62	30,74
34,65	30,88
34,67	30,89
34,70	31,02
34,72	31,10
34,74	31,25
34,77	31,36
34,79	31,50
34,82	31,58
34,84	31,73
34,87	31,83
34,89	31,98
34,92	32,10
34,94	32,22
34,96	32,37
34,99	32,53
35,01	32,71
35,04	32,92
35,06	33,10
35,09	33,27
35,11	33,47
35,14	33,66
35,16	33,90
35,18	34,05
35,21	34,24
35,23	34,41
35,26	34,62
35,28	34,79
35,31	35,01
35,33	35,19
35,36	35,49
35,38	35,66
35,40	35,92
35,43	36,14
35,45	36,47
35,48	36,69
35,50	37,02
35,53	37,18
35,55	37,50
35,57	37,72
35,60	38,04
35,62	38,22
35,65	38,50
35,67	38,65
35,70	39,00
35,72	39,24
35,75	39,57
35,77	39,80
35,79	40,17
35,82	40,44
35,84	40,84
35,87	41,12
35,89	41,44
35,92	41,64
35,94	42,00
35,97	42,22
35,99	42,60
36,01	42,85
36,04	43,21
36,06	43,54
36,09	43,98
36,11	44,29
36,14	44,70
36,16	45,03
36,19	45,44
36,21	45,75
36,23	46,10
36,26	46,37
36,28	46,73
36,31	47,01
36,33	47,35
36,36	47,63
36,38	47,99
36,41	48,32
36,43	48,75
36,45	49,07
36,48	49,39
36,50	49,60
36,53	49,81
36,55	49,91
36,58	50,00
36,60	50,00
36,62	50,00
36,65	50,00
36,67	50,00
36,70	50,00
36,72	50,00
36,75	50,00
36,77	50,00
36,80	50,00
36,82	50,00
36,84	50,00
36,87	50,00
36,89	50,00
36,92	50,00
36,94	50,00
36,97	50,00
36,99	50,00
37,02	50,00
37,04	50,00
37,06	50,00
37,09	50,00
37,11	50,00
37,14	50,00
37,16	50,00
37,19	50,00
37,21	50,00
37,24	50,00
37,26	50,00
37,28	50,00
37,31	50,00
37,33	50,00
37,36	50,00
37,38	50,00
37,41	50,00
37,43	50,00
37,46	50,00
37,48	50,00
37,50	50,00
37,53	50,00
37,55	50,00
37,58	50,00
37,60	50,00
37,63	50,00
37,65	50,00
37,68	50,00
37,70	50,00
37,72	50,00
37,75	50,00
37,77	50,00
37,80	50,00
37,82	50,00
37,85	50,00
37,87	50,00
37,89	50,00
37,92	50,00
37,94	50,00
37,97	50,00
37,99	50,00
38,02	50,00
38,04	50,00
38,07	50,00
38,09	50,00
38,11	50,00
38,14	50,00
38,16	50,00
38,19	50,00
38,21	50,00
38,24	50,00
38,26	50,00
38,29	50,00
38,31	50,00
38,33	50,00
38,36	50,00
38,38	50,00
38,41	50,00
38,43	50,00
38,46	50,00
38,48	50,00
38,51	50,00
38,53	50,00
38,55	50,00
38,58	50,00
38,60	50,00
38,63	50,00
38,65	49,94
38,68	49,90
38,70	49,81
38,73	49,70
38,75	49,50
38,77	49,28
38,80	49,03
38,82	48,80
38,85	48,51
38,87	48,27
38,90	47,97
38,92	47,74
38,94	47,48
38,97	47,30
38,99	47,06
39,02	46,88
39,04	46,66
39,07	46,52
39,09	46,31
39,12	46,19
39,14	45,99
39,16	45,95
39,19	45,79
39,21	45,70
39,24	45,54
39,26	45,52
39,29	45,42
39,31	45,41
39,34	45,22
39,36	45,22
39,38	45,11
39,41	45,14
39,43	45,03
39,46	45,06
39,48	44,96
39,51	45,01
39,53	44,93
39,56	45,03
39,58	44,99
39,60	45,10
39,63	45,10
39,65	45,21
39,68	45,24
39,70	45,39
39,73	45,39
39,75	45,53
39,78	45,55
39,80	45,67
39,82	45,76
39,85	45,89
39,87	45,94
39,90	46,17
39,92	46,29
39,95	46,50
39,97	46,61
39,99	46,80
40,02	47,00
40,04	47,23
40,07	47,35
40,09	47,57
40,12	47,71
40,14	47,92
40,17	48,09
40,19	48,27
40,21	48,48
40,24	48,71
40,26	48,92
40,29	49,19
40,31	49,40
40,34	49,61
40,36	49,77
40,39	49,87
40,41	49,94
40,43	49,98
40,46	50,00
40,48	50,00
40,51	50,00
40,53	50,00
40,56	50,00
40,58	50,00
40,61	50,00
40,63	50,00
40,65	50,00
40,68	50,00
40,70	50,00
40,73	50,00
40,75	50,00
40,78	50,00
40,80	50,00
40,83	50,00
40,85	50,00
40,87	50,00
40,90	50,00
40,92	50,00
40,95	50,00
40,97	50,00
41,00	50,00
41,02	50,00
41,05	50,00
41,07	50,00
41,09	50,00
41,12	50,00
41,14	50,00
41,17	50,00
41,19	50,00
41,22	50,00
41,24	50,00
41,26	50,00
41,29	50,00
41,31	50,00
41,34	50,00
41,36	50,00
41,39	50,00
41,41	50,00
41,44	50,00
41,46	50,00
41,48	50,00
41,51	50,00
41,53	50,00
41,56	50,00
41,58	50,00
41,61	50,00
41,63	50,00
41,66	50,00
41,68	50,00
41,70	50,00
41,73	50,00
41,75	50,00
41,78	50,00
41,80	50,00
41,83	50,00
41,85	50,00
41,88	50,00
41,90	50,00
41,92	50,00
41,95	50,00
41,97	50,00
42,00	50,00
42,02	50,00
42,05	50,00
42,07	50,00
42,10	50,00
42,12	50,00
42,14	50,00
42,17	50,00
42,19	50,00
42,22	50,00
42,24	50,00
42,27	50,00
42,29	50,00
42,31	50,00
42,34	50,00
42,36	50,00
42,39	50,00
42,41	50,00
42,44	50,00
42,46	50,00
42,49	50,00
42,51	50,00
42,53	50,00
42,56	50,00
42,58	50,00
42,61	50,00
42,63	50,00
42,66	50,00
42,68	50,00
42,71	50,00
42,73	50,00
42,75	50,00
42,78	50,00
42,80	50,00
42,83	50,00
42,85	50,00
42,88	50,00
42,90	50,00
42,93	50,00
42,95	50,00
42,97	50,00
43,00	50,00
43,02	50,00
43,05	50,00
43,07	50,00
43,10	50,00
43,12	50,00
43,15	50,00
43,17	50,00
43,19	50,00
43,22	50,00
43,24	50,00
43,27	50,00
43,29	50,00
43,32	50,00
43,34	50,00
43,36	50,00
43,39	50,00
43,41	50,00
43,44	50,00
43,46	50,00
43,49	50,00
43,51	50,00
43,54	50,00
43,56	50,00
43,58	50,00
43,61	50,00
43,63	50,00
43,66	50,00
43,68	50,00
43,71	50,00
43,73	50,00
43,76	50,00
43,78	50,00
43,80	50,00
43,83	50,00
43,85	50,00
43,88	50,00
43,90	50,00
43,93	50,00
43,95	50,00
43,98	50,00
44,00	50,00
44,02	50,00
44,05	50,00
44,07	50,00
44,10	50,00
44,12	50,00
44,15	50,00
44,17	50,00
44,20	50,00
44,22	50,00
44,24	50,00
44,27	50,00
44,29	50,00
44,32	50,00
44,34	50,00
44,37	50,00
44,39	50,00
44,41	50,00
44,44	50,00
44,46	50,00
44,49	50,00
44,51	50,00
44,54	50,00
44,56	50,00
44,59	50,00
44,61	50,00
44,63	50,00
44,66	50,00
44,68	50,00
44,71	50,00
44,73	50,00
44,76	50,00
44,78	50,00
44,81	50,00
44,83	50,00
44,85	50,00
44,88	50,00
44,90	50,00
44,93	50,00
44,95	50,00
44,98	50,00
45,00	50,00
45,03	50,00
45,05	50,00
45,07	50,00
45,10	50,00
45,12	50,00
45,15	50,00
45,17	50,00
45,20	50,00
45,22	50,00
45,25	50,00
45,27	50,00
45,29	50,00
45,32	50,00
45,34	50,00
45,37	50,00
45,39	50,00
45,42	50,00
45,44	50,00
45,47	50,00
45,49	50,00
45,51	50,00
45,54	50,00
45,56	50,00
45,59	50,00
45,61	50,00
45,64	50,00
45,66	50,00
45,68	50,00
45,71	50,00
45,73	50,00
45,76	50,00
45,78	50,00
45,81	50,00
45,83	50,00
45,86	50,00
45,88	50,00
45,90	50,00
45,93	50,00
45,95	50,00
45,98	50,00
46,00	50,00
46,03	50,00
46,05	50,00
46,08	50,00
46,10	50,00
46,12	50,00
46,15	50,00
46,17	50,00
46,20	50,00
46,22	50,00
46,25	50,00
46,27	50,00
46,30	50,00
46,32	50,00
46,34	50,00
46,37	50,00
46,39	50,00
46,42	50,00
46,44	50,00
46,47	50,00
46,49	50,00
46,52	50,00
46,54	50,00
46,56	50,00
46,59	50,00
46,61	50,00
46,64	50,00
46,66	50,00
46,69	50,00
46,71	50,00
46,73	50,00
46,76	50,00
46,78	50,00
46,81	50,00
46,83	50,00
46,86	50,00
46,88	50,00
46,91	50,00
46,93	50,00
46,95	50,00
46,98	50,00
47,00	50,00
47,03	50,00
47,05	50,00
47,08	50,00
47,10	50,00
47,13	50,00
47,15	50,00
47,17	50,00
47,20	50,00
47,22	50,00
47,25	50,00
47,27	50,00
47,30	50,00
47,32	50,00
47,35	50,00
47,37	50,00
47,39	50,00
47,42	50,00
47,44	50,00
47,47	50,00
47,49	50,00
47,52	50,00
47,54	50,00
47,57	50,00
47,59	50,00
47,61	50,00
47,64	50,00
47,66	50,00
47,69	50,00
47,71	50,00
47,74	50,00
47,76	50,00
47,78	50,00
47,81	50,00
47,83	50,00
47,86	50,00
47,88	50,00
47,91	50,00
47,93	50,00
47,96	50,00
47,98	50,00
48,00	50,00
48,03	50,00
48,05	50,00
48,08	50,00
48,10	50,00
48,13	50,00
48,15	50,00
48,18	50,00
48,20	50,00
48,22	50,00
48,25	50,00
48,27	50,00
48,30	50,00
48,32	50,00
48,35	50,00
48,37	50,00
48,40	50,00
48,42	50,00
48,44	50,00
48,47	50,00
48,49	50,00
48,52	50,00
48,54	50,00
48,57	50,00
48,59	50,00
48,62	50,00
48,64	50,00
48,66	50,00
48,69	50,00
48,71	50,00
48,74	50,00
48,76	50,00
48,79	50,00
48,81	50,00
48,84	50,00
48,86	50,00
48,88	50,00
48,91	50,00
48,93	50,00
48,96	50,00
48,98	50,00
49,01	50,00
49,03	50,00
49,05	50,00
49,08	50,00
49,10	50,00
49,13	50,00
49,15	50,00
49,18	50,00
49,20	50,00
49,23	50,00
49,25	50,00
49,27	50,00
49,30	50,00
49,32	50,00
49,35	50,00
49,37	50,00
49,40	50,00
49,42	50,00
49,45	50,00
49,47	50,00
49,49	50,00
49,52	50,00
49,54	50,00
49,57	50,00
49,59	50,00
49,62	50,00
49,64	50,00
49,67	50,00
49,69	50,00
49,71	50,00
49,74	50,00
49,76	50,00
49,79	50,00
49,81	50,00
49,84	50,00
49,86	50,00
49,89	50,00
49,91	50,00
49,93	50,00
49,96	50,00
49,98	50,00
50,01	50,00
50,03	50,00
50,06	50,00
50,08	50,00
50,10	50,00
50,13	50,00
50,15	50,00
50,18	50,00
50,20	50,00
50,23	50,00
50,25	50,00
50,28	50,00
50,30	50,00
50,32	50,00
50,35	50,00
50,37	50,00
50,40	50,00
50,42	50,00
50,45	50,00
50,47	50,00
50,50	50,00
50,52	50,00
50,54	50,00
50,57	50,00
50,59	50,00
50,62	50,00
50,64	50,00
50,67	50,00
50,69	50,00
50,72	50,00
50,74	50,00
50,76	50,00
50,79	50,00
50,81	50,00
50,84	50,00
50,86	50,00
50,89	50,00
50,91	50,00
50,94	50,00
50,96	50,00
50,98	50,00
51,01	50,00
51,03	50,00
51,06	50,00
51,08	50,00
51,11	50,00
51,13	50,00
51,15	50,00
51,18	50,00
51,20	50,00
51,23	50,00
51,25	50,00
51,28	50,00
51,30	50,00
51,33	50,00
51,35	50,00
51,37	50,00
51,40	50,00
51,42	50,00
51,45	50,00
51,47	50,00
51,50	50,00
51,52	50,00
51,55	50,00
51,57	50,00
51,59	50,00
51,62	50,00
51,64	50,00
51,67	50,00
51,69	50,00
51,72	50,00
51,74	50,00
51,77	50,00
51,79	50,00
51,81	50,00
51,84	50,00
51,86	50,00
51,89	50,00
51,91	50,00
51,94	50,00
51,96	50,00
51,99	50,00
52,01	50,00
52,03	50,00
52,06	50,00
52,08	50,00
52,11	50,00
52,13	50,00
52,16	50,00
52,18	50,00
52,20	50,00
52,23	50,00
52,25	50,00
52,28	50,00
52,30	50,00
52,33	50,00
52,35	50,00
52,38	50,00
52,40	50,00
52,42	50,00
52,45	50,00
52,47	50,00
52,50	50,00
52,52	50,00
52,55	50,00
52,57	50,00
52,60	50,00
52,62	50,00
52,64	50,00
52,67	50,00
52,69	50,00
52,72	50,00
52,74	50,00
52,77	50,00
52,79	50,00
52,82	50,00
52,84	50,00
52,86	50,00
52,89	50,00
52,91	50,00
52,94	50,00
52,96	50,00
52,99	50,00
53,01	50,00
53,04	50,00
53,06	50,00
53,08	50,00
53,11	50,00
53,13	50,00
53,16	50,00
53,18	50,00
53,21	50,00
53,23	50,00
53,26	50,00
53,28	50,00
53,30	50,00
53,33	50,00
53,35	50,00
53,38	50,00
53,40	50,00
53,43	50,00
53,45	50,00
53,47	50,00
53,50	50,00
53,52	50,00
53,55	50,00
53,57	50,00
53,60	50,00
53,62	50,00
53,65	50,00
53,67	50,00
53,69	50,00
53,72	50,00
53,74	50,00
53,77	50,00
53,79	50,00
53,82	50,00
53,84	50,00
53,87	50,00
53,89	50,00
53,91	50,00
53,94	50,00
53,96	50,00
53,99	50,00
54,01	50,00
54,04	50,00
54,06	50,00
54,09	50,00
54,11	50,00
54,13	50,00
54,16	50,00
54,18	50,00
54,21	50,00
54,23	50,00
54,26	50,00
54,28	50,00
54,31	50,00
54,33	50,00
54,35	50,00
54,38	50,00
54,40	50,00
54,43	50,00
54,45	50,00
54,48	50,00
54,50	50,00
54,52	50,00
54,55	50,00
54,57	50,00
54,60	50,00
54,62	50,00
54,65	50,00
54,67	50,00
54,70	50,00
54,72	50,00
54,74	50,00
54,77	50,00
54,79	50,00
54,82	50,00
54,84	50,00
54,87	50,00
54,89	50,00
54,92	50,00
54,94	50,00
54,96	50,00
54,99	50,00
55,01	50,00
55,04	50,00
55,06	50,00
55,09	50,00
55,11	50,00
55,14	50,00
55,16	50,00
55,18	50,00
55,21	50,00
55,23	50,00
55,26	50,00
55,28	50,00
55,31	50,00
55,33	50,00
55,36	50,00
55,38	50,00
55,40	50,00
55,43	50,00
55,45	50,00
55,48	50,00
55,50	50,00
55,53	50,00
55,55	50,00
55,57	50,00
55,60	50,00
55,62	50,00
55,65	50,00
55,67	50,00
55,70	50,00
55,72	50,00
55,75	50,00
55,77	50,00
55,79	50,00
55,82	50,00
55,84	50,00
55,87	50,00
55,89	50,00
55,92	50,00
55,94	50,00
55,97	50,00
55,99	50,00
56,01	50,00
56,04	50,00
56,06	50,00
56,09	50,00
56,11	50,00
56,14	50,00
56,16	50,00
56,19	50,00
56,21	50,00
56,23	50,00
56,26	50,00
56,28	50,00
56,31	50,00
56,33	50,00
56,36	50,00
56,38	50,00
56,41	50,00
56,43	50,00
56,45	50,00
56,48	50,00
56,50	50,00
56,53	50,00
56,55	50,00
56,58	50,00
56,60	50,00
56,62	50,00
56,65	50,00
56,67	50,00
56,70	50,00
56,72	50,00
56,75	50,00
56,77	50,00
56,80	50,00
56,82	50,00
56,84	50,00
56,87	50,00
56,89	50,00
56,92	50,00
56,94	50,00
56,97	50,00
56,99	50,00
57,02	50,00
57,04	50,00
57,06	50,00
57,09	50,00
57,11	50,00
57,14	50,00
57,16	50,00
57,19	50,00
57,21	50,00
57,24	50,00
57,26	50,00
57,28	50,00
57,31	50,00
57,33	50,00
57,36	50,00
57,38	50,00
57,41	50,00
57,43	50,00
57,46	50,00
57,48	50,00
57,50	50,00
57,53	50,00
57,55	50,00
57,58	50,00
57,60	50,00
57,63	50,00
57,65	50,00
57,68	50,00
57,70	50,00
57,72	50,00
57,75	50,00
57,77	50,00
57,80	50,00
57,82	50,00
57,85	50,00
57,87	50,00
57,89	50,00
57,92	50,00
57,94	50,00
57,97	50,00
57,99	50,00
58,02	50,00
58,04	50,00
58,07	50,00
58,09	50,00
58,11	50,00
58,14	50,00
58,16	50,00
58,19	50,00
58,21	50,00
58,24	50,00
58,26	50,00
58,29	50,00
58,31	50,00
58,33	50,00
58,36	50,00
58,38	50,00
58,41	50,00
58,43	50,00
58,46	50,00
58,48	50,00
58,51	50,00
58,53	50,00
58,55	50,00
58,58	50,00
58,60	50,00
58,63	50,00
58,65	50,00
58,68	50,00
58,70	50,00
58,73	50,00
58,75	50,00
58,77	50,00
58,80	50,00
58,82	50,00
58,85	50,00
58,87	50,00
58,90	50,00
58,92	50,00
58,94	50,00
58,97	50,00
58,99	50,00
59,02	50,00
59,04	50,00
59,07	50,00
59,09	50,00
59,12	50,00
59,14	50,00
59,16	50,00
59,19	50,00
59,21	50,00
59,24	50,00
59,26	50,00
59,29	50,00
59,31	50,00
59,34	50,00
59,36	50,00
59,38	50,00
59,41	50,00
59,43	50,00
59,46	50,00
59,48	50,00
59,51	50,00
59,53	50,00
59,56	50,00
59,58	50,00
59,60	50,00
59,63	50,00
59,65	50,00
59,68	50,00
59,70	50,00
59,73	50,00
59,75	50,00
59,78	50,00
59,80	50,00
59,82	50,00
59,85	50,00
59,87	50,00
59,90	50,00
59,92	50,00
59,95	50,00
59,97	50,00
59,99	50,00
