Voltage U1	Corriente IA
U1/V	IA/nA

0,02	0,63
0,04	0,59
0,07	0,58
0,09	0,56
0,12	0,55
0,14	0,56
0,17	0,55
0,19	0,55
0,21	0,57
0,24	0,56
0,26	0,56
0,29	0,54
0,31	0,55
0,34	0,55
0,36	0,58
0,39	0,56
0,41	0,60
0,43	0,56
0,46	0,57
0,48	0,54
0,51	0,58
0,53	0,56
0,56	0,61
0,58	0,53
0,61	0,61
0,63	0,57
0,65	0,62
0,68	0,58
0,70	0,61
0,73	0,54
0,75	0,60
0,78	0,51
0,80	0,57
0,83	0,50
0,85	0,54
0,87	0,50
0,90	0,56
0,92	0,52
0,95	0,59
0,97	0,52
1,00	0,60
1,02	0,55
1,05	0,59
1,07	0,54
1,09	0,59
1,12	0,52
1,14	0,60
1,17	0,54
1,19	0,58
1,22	0,53
1,24	0,58
1,26	0,55
1,29	0,61
1,31	0,55
1,34	0,63
1,36	0,60
1,39	0,63
1,41	0,57
1,44	0,61
1,46	0,56
1,48	0,60
1,51	0,55
1,53	0,57
1,56	0,51
1,58	0,55
1,61	0,53
1,63	0,56
1,66	0,54
1,68	0,55
1,70	0,52
1,73	0,58
1,75	0,57
1,78	0,59
1,80	0,60
1,83	0,59
1,85	0,58
1,88	0,61
1,90	0,59
1,92	0,59
1,95	0,59
1,97	0,57
2,00	0,58
2,02	0,59
2,05	0,58
2,07	0,60
2,10	0,63
2,12	0,59
2,14	0,60
2,17	0,56
2,19	0,60
2,22	0,59
2,24	0,62
2,27	0,56
2,29	0,57
2,31	0,53
2,34	0,60
2,36	0,54
2,39	0,58
2,41	0,52
2,44	0,56
2,46	0,54
2,49	0,61
2,51	0,53
2,53	0,58
2,56	0,53
2,58	0,59
2,61	0,56
2,63	0,60
2,66	0,54
2,68	0,61
2,71	0,55
2,73	0,61
2,75	0,56
2,78	0,60
2,80	0,57
2,83	0,63
2,85	0,57
2,88	0,62
2,90	0,56
2,93	0,61
2,95	0,55
2,97	0,61
3,00	0,55
3,02	0,58
3,05	0,55
3,07	0,60
3,10	0,54
3,12	0,59
3,15	0,53
3,17	0,58
3,19	0,56
3,22	0,58
3,24	0,54
3,27	0,59
3,29	0,56
3,32	0,61
3,34	0,60
3,36	0,61
3,39	0,60
3,41	0,61
3,44	0,59
3,46	0,64
3,49	0,61
3,51	0,59
3,54	0,57
3,56	0,57
3,58	0,58
3,61	0,60
3,63	0,59
3,66	0,57
3,68	0,57
3,71	0,58
3,73	0,60
3,76	0,57
3,78	0,58
3,80	0,56
3,83	0,57
3,85	0,56
3,88	0,59
3,90	0,56
3,93	0,62
3,95	0,59
3,98	0,62
4,00	0,59
4,02	0,65
4,05	0,61
4,07	0,66
4,10	0,57
4,12	0,61
4,15	0,57
4,17	0,62
4,20	0,59
4,22	0,64
4,24	0,56
4,27	0,65
4,29	0,59
4,32	0,65
4,34	0,60
4,37	0,64
4,39	0,58
4,42	0,65
4,44	0,61
4,46	0,66
4,49	0,56
4,51	0,61
4,54	0,58
4,56	0,63
4,59	0,56
4,61	0,60
4,63	0,57
4,66	0,64
4,68	0,60
4,71	0,63
4,73	0,60
4,76	0,65
4,78	0,59
4,81	0,66
4,83	0,63
4,85	0,68
4,88	0,64
4,90	0,68
4,93	0,65
4,95	0,69
4,98	0,64
5,00	0,68
5,03	0,64
5,05	0,66
5,07	0,62
5,10	0,64
5,12	0,63
5,15	0,67
5,17	0,66
5,20	0,67
5,22	0,62
5,25	0,63
5,27	0,65
5,29	0,66
5,32	0,64
5,34	0,57
5,37	0,58
5,39	0,60
5,42	0,62
5,44	0,60
5,47	0,61
5,49	0,61
5,51	0,67
5,54	0,67
5,56	0,71
5,59	0,69
5,61	0,72
5,64	0,68
5,66	0,71
5,68	0,67
5,71	0,71
5,73	0,69
5,76	0,72
5,78	0,66
5,81	0,71
5,83	0,66
5,86	0,74
5,88	0,69
5,90	0,73
5,93	0,68
5,95	0,72
5,98	0,69
6,00	0,78
6,03	0,72
6,05	0,78
6,08	0,73
6,10	0,79
6,12	0,76
6,15	0,81
6,17	0,73
6,20	0,79
6,22	0,73
6,25	0,78
6,27	0,76
6,30	0,82
6,32	0,78
6,34	0,84
6,37	0,79
6,39	0,87
6,42	0,82
6,44	0,85
6,47	0,80
6,49	0,85
6,52	0,80
6,54	0,86
6,56	0,82
6,59	0,86
6,61	0,81
6,64	0,84
6,66	0,81
6,69	0,85
6,71	0,81
6,73	0,84
6,76	0,81
6,78	0,85
6,81	0,85
6,83	0,90
6,86	0,90
6,88	0,92
6,91	0,88
6,93	0,91
6,95	0,92
6,98	0,93
7,00	0,95
7,03	0,94
7,05	0,94
7,08	0,97
7,10	0,99
7,13	1,01
7,15	1,03
7,17	0,99
7,20	1,02
7,22	1,01
7,25	1,04
7,27	1,03
7,30	1,04
7,32	1,01
7,35	1,03
7,37	0,98
7,39	1,04
7,42	1,03
7,44	1,06
7,47	1,05
7,49	1,08
7,52	1,06
7,54	1,15
7,57	1,11
7,59	1,16
7,61	1,11
7,64	1,16
7,66	1,13
7,69	1,18
7,71	1,11
7,74	1,18
7,76	1,12
7,78	1,20
7,81	1,13
7,83	1,20
7,86	1,16
7,88	1,23
7,91	1,16
7,93	1,24
7,96	1,18
7,98	1,21
8,00	1,17
8,03	1,22
8,05	1,16
8,08	1,22
8,10	1,17
8,13	1,24
8,15	1,22
8,18	1,28
8,20	1,26
8,22	1,32
8,25	1,28
8,27	1,32
8,30	1,28
8,32	1,33
8,35	1,29
8,37	1,33
8,40	1,30
8,42	1,33
8,44	1,29
8,47	1,34
8,49	1,33
8,52	1,38
8,54	1,36
8,57	1,37
8,59	1,36
8,62	1,41
8,64	1,38
8,66	1,40
8,69	1,38
8,71	1,37
8,74	1,36
8,76	1,36
8,79	1,35
8,81	1,36
8,84	1,37
8,86	1,36
8,88	1,37
8,91	1,38
8,93	1,42
8,96	1,43
8,98	1,46
9,01	1,45
9,03	1,47
9,05	1,45
9,08	1,50
9,10	1,48
9,13	1,52
9,15	1,47
9,18	1,49
9,20	1,48
9,23	1,55
9,25	1,52
9,27	1,57
9,30	1,51
9,32	1,58
9,35	1,53
9,37	1,58
9,40	1,53
9,42	1,55
9,45	1,49
9,47	1,55
9,49	1,49
9,52	1,56
9,54	1,50
9,57	1,55
9,59	1,51
9,62	1,59
9,64	1,54
9,67	1,64
9,69	1,58
9,71	1,64
9,74	1,59
9,76	1,64
9,79	1,58
9,81	1,65
9,84	1,58
9,86	1,64
9,89	1,59
9,91	1,65
9,93	1,62
9,96	1,69
9,98	1,63
10,01	1,67
10,03	1,63
10,06	1,72
10,08	1,68
10,10	1,71
10,13	1,67
10,15	1,71
10,18	1,70
10,20	1,76
10,23	1,71
10,25	1,75
10,28	1,73
10,30	1,75
10,32	1,76
10,35	1,80
10,37	1,77
10,40	1,80
10,42	1,79
10,45	1,81
10,47	1,83
10,50	1,85
10,52	1,84
10,54	1,85
10,57	1,82
10,59	1,83
10,62	1,84
10,64	1,84
10,67	1,86
10,69	1,85
10,72	1,87
10,74	1,88
10,76	1,91
10,79	1,93
10,81	1,95
10,84	1,93
10,86	1,97
10,89	1,93
10,91	1,99
10,94	1,98
10,96	2,00
10,98	1,97
11,01	2,02
11,03	1,98
11,06	2,07
11,08	2,05
11,11	2,11
11,13	2,09
11,15	2,15
11,18	2,13
11,20	2,20
11,23	2,15
11,25	2,20
11,28	2,15
11,30	2,20
11,33	2,18
11,35	2,24
11,37	2,19
11,40	2,27
11,42	2,22
11,45	2,30
11,47	2,26
11,50	2,33
11,52	2,32
11,55	2,40
11,57	2,37
11,59	2,47
11,62	2,41
11,64	2,47
11,67	2,44
11,69	2,50
11,72	2,47
11,74	2,54
11,77	2,52
11,79	2,60
11,81	2,57
11,84	2,62
11,86	2,62
11,89	2,68
11,91	2,67
11,94	2,71
11,96	2,70
11,99	2,76
12,01	2,77
12,03	2,81
12,06	2,82
12,08	2,84
12,11	2,84
12,13	2,89
12,16	2,92
12,18	2,95
12,21	2,95
12,23	2,93
12,25	2,96
12,28	2,98
12,30	3,01
12,33	3,02
12,35	3,01
12,38	3,00
12,40	3,04
12,42	3,04
12,45	3,07
12,47	3,06
12,50	3,09
12,52	3,09
12,55	3,14
12,57	3,13
12,60	3,19
12,62	3,18
12,64	3,25
12,67	3,20
12,69	3,24
12,72	3,22
12,74	3,29
12,77	3,24
12,79	3,31
12,82	3,22
12,84	3,29
12,86	3,25
12,89	3,31
12,91	3,25
12,94	3,32
12,96	3,24
12,99	3,36
13,01	3,31
13,04	3,39
13,06	3,35
13,08	3,40
13,11	3,33
13,13	3,41
13,16	3,33
13,18	3,40
13,21	3,32
13,23	3,37
13,26	3,32
13,28	3,41
13,30	3,35
13,33	3,41
13,35	3,35
13,38	3,42
13,40	3,36
13,43	3,43
13,45	3,37
13,47	3,42
13,50	3,36
13,52	3,43
13,55	3,36
13,57	3,41
13,60	3,36
13,62	3,40
13,65	3,34
13,67	3,39
13,69	3,35
13,72	3,44
13,74	3,41
13,77	3,44
13,79	3,40
13,82	3,41
13,84	3,41
13,87	3,43
13,89	3,38
13,91	3,38
13,94	3,36
13,96	3,37
13,99	3,40
14,01	3,40
14,04	3,39
14,06	3,37
14,09	3,38
14,11	3,39
14,13	3,43
14,16	3,42
14,18	3,43
14,21	3,41
14,23	3,43
14,26	3,41
14,28	3,42
14,31	3,39
14,33	3,43
14,35	3,39
14,38	3,42
14,40	3,38
14,43	3,45
14,45	3,47
14,48	3,52
14,50	3,46
14,52	3,49
14,55	3,44
14,57	3,51
14,60	3,45
14,62	3,47
14,65	3,42
14,67	3,48
14,70	3,44
14,72	3,54
14,74	3,48
14,77	3,55
14,79	3,51
14,82	3,58
14,84	3,55
14,87	3,62
14,89	3,55
14,92	3,65
14,94	3,59
14,96	3,65
14,99	3,61
15,01	3,68
15,04	3,62
15,06	3,69
15,09	3,64
15,11	3,72
15,14	3,70
15,16	3,76
15,18	3,75
15,21	3,84
15,23	3,82
15,26	3,91
15,28	3,87
15,31	3,93
15,33	3,91
15,36	3,93
15,38	3,93
15,40	3,99
15,43	3,97
15,45	4,04
15,48	4,02
15,50	4,08
15,53	4,11
15,55	4,17
15,57	4,18
15,60	4,21
15,62	4,20
15,65	4,26
15,67	4,29
15,70	4,32
15,72	4,35
15,75	4,37
15,77	4,40
15,79	4,43
15,82	4,48
15,84	4,54
15,87	4,58
15,89	4,58
15,92	4,66
15,94	4,68
15,97	4,75
15,99	4,78
16,01	4,83
16,04	4,83
16,06	4,90
16,09	4,90
16,11	5,01
16,14	5,03
16,16	5,10
16,19	5,09
16,21	5,17
16,23	5,17
16,26	5,29
16,28	5,29
16,31	5,38
16,33	5,37
16,36	5,47
16,38	5,46
16,41	5,57
16,43	5,54
16,45	5,64
16,48	5,61
16,50	5,74
16,53	5,73
16,55	5,87
16,58	5,87
16,60	5,99
16,63	5,98
16,65	6,13
16,67	6,12
16,70	6,23
16,72	6,21
16,75	6,32
16,77	6,31
16,80	6,40
16,82	6,38
16,84	6,48
16,87	6,47
16,89	6,59
16,92	6,60
16,94	6,72
16,97	6,74
16,99	6,84
17,02	6,83
17,04	6,94
17,06	6,92
17,09	7,00
17,11	7,00
17,14	7,06
17,16	7,04
17,19	7,12
17,21	7,11
17,24	7,18
17,26	7,18
17,28	7,22
17,31	7,23
17,33	7,28
17,36	7,29
17,38	7,35
17,41	7,35
17,43	7,37
17,46	7,37
17,48	7,39
17,50	7,42
17,53	7,44
17,55	7,47
17,58	7,47
17,60	7,48
17,63	7,50
17,65	7,55
17,68	7,55
17,70	7,56
17,72	7,53
17,75	7,55
17,77	7,55
17,80	7,57
17,82	7,54
17,85	7,57
17,87	7,51
17,89	7,52
17,92	7,48
17,94	7,51
17,97	7,47
17,99	7,50
18,02	7,41
18,04	7,44
18,07	7,37
18,09	7,42
18,11	7,36
18,14	7,37
18,16	7,28
18,19	7,34
18,21	7,27
18,24	7,32
18,26	7,23
18,29	7,26
18,31	7,18
18,33	7,21
18,36	7,13
18,38	7,17
18,41	7,08
18,43	7,11
18,46	7,03
18,48	7,07
18,51	6,99
18,53	7,03
18,55	6,92
18,58	6,97
18,60	6,89
18,63	6,92
18,65	6,85
18,68	6,89
18,70	6,80
18,73	6,85
18,75	6,76
18,77	6,81
18,80	6,74
18,82	6,76
18,85	6,67
18,87	6,69
18,90	6,63
18,92	6,67
18,94	6,60
18,97	6,61
18,99	6,55
19,02	6,57
19,04	6,55
19,07	6,56
19,09	6,52
19,12	6,53
19,14	6,50
19,16	6,52
19,19	6,50
19,21	6,52
19,24	6,50
19,26	6,51
19,29	6,47
19,31	6,46
19,34	6,49
19,36	6,50
19,38	6,52
19,41	6,52
19,43	6,52
19,46	6,53
19,48	6,57
19,51	6,56
19,53	6,58
19,56	6,53
19,58	6,56
19,60	6,54
19,63	6,60
19,65	6,60
19,68	6,65
19,70	6,61
19,73	6,66
19,75	6,64
19,78	6,74
19,80	6,69
19,82	6,76
19,85	6,74
19,87	6,82
19,90	6,82
19,92	6,93
19,95	6,91
19,97	7,02
19,99	6,97
20,02	7,06
20,04	7,06
20,07	7,16
20,09	7,11
20,12	7,23
20,14	7,21
20,17	7,33
20,19	7,32
20,21	7,41
20,24	7,40
20,26	7,51
20,29	7,49
20,31	7,60
20,34	7,59
20,36	7,69
20,39	7,69
20,41	7,79
20,43	7,82
20,46	7,91
20,48	7,94
20,51	8,07
20,53	8,06
20,56	8,17
20,58	8,21
20,61	8,33
20,63	8,35
20,65	8,44
20,68	8,45
20,70	8,58
20,73	8,62
20,75	8,71
20,78	8,75
20,80	8,85
20,83	8,90
20,85	9,03
20,87	9,10
20,90	9,21
20,92	9,26
20,95	9,34
20,97	9,41
21,00	9,50
21,02	9,57
21,05	9,66
21,07	9,73
21,09	9,81
21,12	9,90
21,14	9,98
21,17	10,11
21,19	10,20
21,22	10,31
21,24	10,38
21,26	10,49
21,29	10,56
21,31	10,70
21,34	10,78
21,36	10,90
21,39	10,94
21,41	11,10
21,44	11,17
21,46	11,34
21,48	11,41
21,51	11,57
21,53	11,61
21,56	11,76
21,58	11,84
21,61	12,00
21,63	12,05
21,66	12,19
21,68	12,19
21,70	12,37
21,73	12,42
21,75	12,56
21,78	12,59
21,80	12,73
21,83	12,78
21,85	12,97
21,88	13,00
21,90	13,16
21,92	13,19
21,95	13,35
21,97	13,38
22,00	13,52
22,02	13,53
22,05	13,68
22,07	13,67
22,10	13,80
22,12	13,82
22,14	13,95
22,17	13,96
22,19	14,09
22,22	14,06
22,24	14,21
22,27	14,21
22,29	14,33
22,31	14,35
22,34	14,45
22,36	14,42
22,39	14,52
22,41	14,49
22,44	14,59
22,46	14,57
22,49	14,61
22,51	14,59
22,53	14,64
22,56	14,63
22,58	14,70
22,61	14,68
22,63	14,70
22,66	14,65
22,68	14,68
22,71	14,68
22,73	14,70
22,75	14,66
22,78	14,66
22,80	14,61
22,83	14,60
22,85	14,56
22,88	14,53
22,90	14,47
22,93	14,40
22,95	14,33
22,97	14,30
23,00	14,27
23,02	14,21
23,05	14,17
23,07	14,10
23,10	14,05
23,12	13,96
23,15	13,90
23,17	13,82
23,19	13,76
23,22	13,62
23,24	13,56
23,27	13,41
23,29	13,40
23,32	13,28
23,34	13,21
23,36	13,08
23,39	13,04
23,41	12,91
23,44	12,92
23,46	12,78
23,49	12,75
23,51	12,64
23,54	12,62
23,56	12,49
23,58	12,49
23,61	12,32
23,63	12,30
23,66	12,15
23,68	12,12
23,71	12,00
23,73	11,98
23,76	11,84
23,78	11,87
23,80	11,74
23,83	11,76
23,85	11,63
23,88	11,63
23,90	11,54
23,93	11,55
23,95	11,44
23,98	11,47
24,00	11,35
24,02	11,38
24,05	11,29
24,07	11,30
24,10	11,22
24,12	11,25
24,15	11,18
24,17	11,24
24,20	11,16
24,22	11,19
24,24	11,18
24,27	11,23
24,29	11,18
24,32	11,21
24,34	11,16
24,37	11,20
24,39	11,19
24,42	11,22
24,44	11,21
24,46	11,24
24,49	11,22
24,51	11,28
24,54	11,29
24,56	11,34
24,59	11,34
24,61	11,35
24,63	11,40
24,66	11,45
24,68	11,47
24,71	11,53
24,73	11,54
24,76	11,56
24,78	11,63
24,81	11,65
24,83	11,73
24,85	11,78
24,88	11,83
24,90	11,89
24,93	11,98
24,95	12,02
24,98	12,15
25,00	12,20
25,03	12,30
25,05	12,33
25,07	12,45
25,10	12,48
25,12	12,60
25,15	12,60
25,17	12,72
25,20	12,72
25,22	12,84
25,25	12,88
25,27	13,04
25,29	13,09
25,32	13,25
25,34	13,29
25,37	13,51
25,39	13,57
25,42	13,71
25,44	13,75
25,47	13,87
25,49	13,90
25,51	14,08
25,54	14,08
25,56	14,25
25,59	14,30
25,61	14,48
25,64	14,59
25,66	14,77
25,68	14,82
25,71	15,03
25,73	15,10
25,76	15,31
25,78	15,37
25,81	15,53
25,83	15,61
25,86	15,77
25,88	15,83
25,90	16,01
25,93	16,07
25,95	16,29
25,98	16,41
26,00	16,60
26,03	16,71
26,05	16,89
26,08	17,01
26,10	17,26
26,12	17,34
26,15	17,49
26,17	17,56
26,20	17,71
26,22	17,85
26,25	18,03
26,27	18,11
26,30	18,28
26,32	18,42
26,34	18,61
26,37	18,81
26,39	18,99
26,42	19,14
26,44	19,32
26,47	19,46
26,49	19,62
26,52	19,80
26,54	19,94
26,56	20,09
26,59	20,19
26,61	20,33
26,64	20,50
26,66	20,68
26,69	20,84
26,71	21,03
26,73	21,14
26,76	21,35
26,78	21,49
26,81	21,71
26,83	21,85
26,86	22,01
26,88	22,06
26,91	22,26
26,93	22,33
26,95	22,54
26,98	22,61
27,00	22,81
27,03	22,91
27,05	23,15
27,08	23,25
27,10	23,51
27,13	23,56
27,15	23,76
27,17	23,84
27,20	24,03
27,22	24,09
27,25	24,28
27,27	24,30
27,30	24,50
27,32	24,52
27,35	24,68
27,37	24,72
27,39	24,85
27,42	24,85
27,44	24,99
27,47	25,00
27,49	25,13
27,52	25,12
27,54	25,20
27,57	25,20
27,59	25,29
27,61	25,25
27,64	25,31
27,66	25,21
27,69	25,26
27,71	25,19
27,74	25,19
27,76	25,09
27,78	25,09
27,81	24,97
27,83	24,97
27,86	24,84
27,88	24,80
27,91	24,69
27,93	24,66
27,96	24,54
27,98	24,48
28,00	24,33
28,03	24,23
28,05	24,08
28,08	23,97
28,10	23,79
28,13	23,61
28,15	23,42
28,18	23,27
28,20	23,10
28,22	22,98
28,25	22,81
28,27	22,66
28,30	22,53
28,32	22,38
28,35	22,25
28,37	22,10
28,40	21,90
28,42	21,72
28,44	21,54
28,47	21,32
28,49	21,16
28,52	20,95
28,54	20,79
28,57	20,63
28,59	20,50
28,62	20,33
28,64	20,26
28,66	20,11
28,69	20,04
28,71	19,86
28,74	19,74
28,76	19,55
28,79	19,48
28,81	19,30
28,84	19,23
28,86	19,02
28,88	18,96
28,91	18,81
28,93	18,79
28,96	18,65
28,98	18,64
29,01	18,47
29,03	18,50
29,05	18,36
29,08	18,37
29,10	18,23
29,13	18,22
29,15	18,08
29,18	18,11
29,20	18,00
29,23	18,05
29,25	17,94
29,27	17,98
29,30	17,92
29,32	17,97
29,35	17,90
29,37	17,94
29,40	17,88
29,42	17,96
29,45	17,92
29,47	18,00
29,49	17,97
29,52	18,06
29,54	18,04
29,57	18,14
29,59	18,11
29,62	18,22
29,64	18,22
29,67	18,30
29,69	18,31
29,71	18,41
29,74	18,44
29,76	18,58
29,79	18,61
29,81	18,70
29,84	18,75
29,86	18,86
29,89	18,93
29,91	19,04
29,93	19,11
29,96	19,20
29,98	19,27
30,01	19,36
30,03	19,49
30,06	19,59
30,08	19,70
30,10	19,77
30,13	19,90
30,15	20,03
30,18	20,19
30,20	20,29
30,23	20,44
30,25	20,54
30,28	20,69
30,30	20,79
30,32	20,95
30,35	21,06
30,37	21,24
30,40	21,33
30,42	21,51
30,45	21,62
30,47	21,86
30,50	22,00
30,52	22,20
30,54	22,29
30,57	22,51
30,59	22,63
30,62	22,88
30,64	22,97
30,67	23,18
30,69	23,29
30,72	23,52
30,74	23,63
30,76	23,89
30,79	23,98
30,81	24,21
30,84	24,35
30,86	24,62
30,89	24,79
30,91	25,05
30,94	25,18
30,96	25,48
30,98	25,65
31,01	25,90
31,03	26,04
31,06	26,26
31,08	26,39
31,11	26,64
31,13	26,75
31,15	27,02
31,18	27,19
31,20	27,47
31,23	27,72
31,25	28,01
31,28	28,21
31,30	28,53
31,33	28,71
31,35	28,96
31,37	29,13
31,40	29,33
31,42	29,56
31,45	29,82
31,47	30,02
31,50	30,28
31,52	30,50
31,55	30,80
31,57	31,05
31,59	31,33
31,62	31,58
31,64	31,83
31,67	32,08
31,69	32,36
31,72	32,58
31,74	32,85
31,77	33,07
31,79	33,27
31,81	33,50
31,84	33,70
31,86	33,94
31,89	34,20
31,91	34,46
31,94	34,68
31,96	34,97
31,99	35,19
32,01	35,47
32,03	35,72
32,06	35,97
32,08	36,13
32,11	36,37
32,13	36,51
32,16	36,77
32,18	36,91
32,20	37,12
32,23	37,23
32,25	37,47
32,28	37,57
32,30	37,83
32,33	37,93
32,35	38,18
32,38	38,26
32,40	38,46
32,42	38,51
32,45	38,71
32,47	38,72
32,50	38,85
32,52	38,82
32,55	38,92
32,57	38,92
32,60	39,02
32,62	38,99
32,64	39,06
32,67	38,97
32,69	39,04
32,72	38,95
32,74	38,97
32,77	38,88
32,79	38,88
32,82	38,75
32,84	38,75
32,86	38,58
32,89	38,56
32,91	38,33
32,94	38,25
32,96	38,03
32,99	37,93
33,01	37,68
33,04	37,55
33,06	37,27
33,08	37,15
33,11	36,90
33,13	36,75
33,16	36,48
33,18	36,33
33,21	36,04
33,23	35,89
33,26	35,64
33,28	35,46
33,30	35,18
33,33	34,95
33,35	34,66
33,38	34,44
33,40	34,16
33,43	33,93
33,45	33,65
33,47	33,42
33,50	33,17
33,52	32,95
33,55	32,73
33,57	32,50
33,60	32,27
33,62	32,03
33,65	31,77
33,67	31,54
33,69	31,35
33,72	31,13
33,74	30,92
33,77	30,70
33,79	30,50
33,82	30,33
33,84	30,17
33,87	29,96
33,89	29,82
33,91	29,63
33,94	29,49
33,96	29,32
33,99	29,21
34,01	29,03
34,04	28,93
34,06	28,73
34,09	28,65
34,11	28,50
34,13	28,44
34,16	28,31
34,18	28,29
34,21	28,14
34,23	28,15
34,26	28,05
34,28	28,08
34,31	27,98
34,33	27,98
34,35	27,88
34,38	27,91
34,40	27,84
34,43	27,92
34,45	27,84
34,48	27,91
34,50	27,87
34,52	27,96
34,55	27,95
34,57	28,03
34,60	27,96
34,62	28,08
34,65	28,07
34,67	28,18
34,70	28,18
34,72	28,31
34,74	28,34
34,77	28,51
34,79	28,55
34,82	28,71
34,84	28,76
34,87	28,90
34,89	28,94
34,92	29,10
34,94	29,18
34,96	29,34
34,99	29,43
35,01	29,59
35,04	29,68
35,06	29,86
35,09	29,99
35,11	30,18
35,14	30,32
35,16	30,51
35,18	30,63
35,21	30,82
35,23	30,97
35,26	31,16
35,28	31,30
35,31	31,48
35,33	31,61
35,36	31,82
35,38	32,06
35,40	32,27
35,43	32,49
35,45	32,69
35,48	32,91
35,50	33,12
35,53	33,39
35,55	33,57
35,57	33,79
35,60	33,94
35,62	34,19
35,65	34,34
35,67	34,61
35,70	34,79
35,72	35,07
35,75	35,29
35,77	35,58
35,79	35,81
35,82	36,18
35,84	36,41
35,87	36,71
35,89	36,90
35,92	37,19
35,94	37,37
35,97	37,68
35,99	37,85
36,01	38,15
36,04	38,36
36,06	38,74
36,09	39,00
36,11	39,39
36,14	39,63
36,16	40,04
36,19	40,32
36,21	40,72
36,23	40,97
36,26	41,32
36,28	41,57
36,31	41,93
36,33	42,17
36,36	42,55
36,38	42,79
36,41	43,15
36,43	43,43
36,45	43,82
36,48	44,11
36,50	44,49
36,53	44,78
36,55	45,18
36,58	45,49
36,60	45,87
36,62	46,16
36,65	46,56
36,67	46,87
36,70	47,22
36,72	47,51
36,75	47,90
36,77	48,24
36,80	48,65
36,82	48,98
36,84	49,30
36,87	49,55
36,89	49,76
36,92	49,88
36,94	49,98
36,97	50,00
36,99	50,00
37,02	50,00
37,04	50,00
37,06	50,00
37,09	50,00
37,11	50,00
37,14	50,00
37,16	50,00
37,19	50,00
37,21	50,00
37,24	50,00
37,26	50,00
37,28	50,00
37,31	50,00
37,33	50,00
37,36	50,00
37,38	50,00
37,41	50,00
37,43	50,00
37,46	50,00
37,48	50,00
37,50	50,00
37,53	50,00
37,55	50,00
37,58	50,00
37,60	50,00
37,63	50,00
37,65	50,00
37,68	50,00
37,70	50,00
37,72	50,00
37,75	50,00
37,77	50,00
37,80	50,00
37,82	50,00
37,85	50,00
37,87	50,00
37,89	50,00
37,92	50,00
37,94	50,00
37,97	50,00
37,99	50,00
38,02	50,00
38,04	50,00
38,07	50,00
38,09	50,00
38,11	50,00
38,14	50,00
38,16	50,00
38,19	50,00
38,21	50,00
38,24	50,00
38,26	50,00
38,29	50,00
38,31	50,00
38,33	50,00
38,36	50,00
38,38	50,00
38,41	50,00
38,43	50,00
38,46	49,98
38,48	49,98
38,51	49,88
38,53	49,76
38,55	49,55
38,58	49,30
38,60	48,99
38,63	48,70
38,65	48,27
38,68	47,95
38,70	47,60
38,73	47,33
38,75	47,04
38,77	46,80
38,80	46,47
38,82	46,24
38,85	45,98
38,87	45,70
38,90	45,42
38,92	45,17
38,94	44,89
38,97	44,67
38,99	44,43
39,02	44,19
39,04	43,99
39,07	43,79
39,09	43,61
39,12	43,40
39,14	43,26
39,16	43,05
39,19	42,94
39,21	42,82
39,24	42,69
39,26	42,52
39,29	42,46
39,31	42,28
39,34	42,27
39,36	42,14
39,38	42,11
39,41	42,00
39,43	42,00
39,46	41,89
39,48	41,95
39,51	41,85
39,53	41,88
39,56	41,81
39,58	41,89
39,60	41,85
39,63	41,95
39,65	41,91
39,68	42,02
39,70	42,02
39,73	42,10
39,75	42,07
39,78	42,16
39,80	42,16
39,82	42,30
39,85	42,30
39,87	42,45
39,90	42,51
39,92	42,69
39,95	42,81
39,97	43,01
39,99	43,11
40,02	43,33
40,04	43,40
40,07	43,57
40,09	43,65
40,12	43,84
40,14	43,97
40,17	44,17
40,19	44,30
40,21	44,55
40,24	44,73
40,26	44,97
40,29	45,19
40,31	45,44
40,34	45,65
40,36	45,93
40,39	46,13
40,41	46,39
40,43	46,60
40,46	46,82
40,48	47,05
40,51	47,26
40,53	47,46
40,56	47,73
40,58	48,01
40,61	48,33
40,63	48,64
40,65	48,92
40,68	49,24
40,70	49,49
40,73	49,70
40,75	49,84
40,78	49,94
40,80	49,97
40,83	50,00
40,85	50,00
40,87	50,00
40,90	50,00
40,92	50,00
40,95	50,00
40,97	50,00
41,00	50,00
41,02	50,00
41,05	50,00
41,07	50,00
41,09	50,00
41,12	50,00
41,14	50,00
41,17	50,00
41,19	50,00
41,22	50,00
41,24	50,00
41,26	50,00
41,29	50,00
41,31	50,00
41,34	50,00
41,36	50,00
41,39	50,00
41,41	50,00
41,44	50,00
41,46	50,00
41,48	50,00
41,51	50,00
41,53	50,00
41,56	50,00
41,58	50,00
41,61	50,00
41,63	50,00
41,66	50,00
41,68	50,00
41,70	50,00
41,73	50,00
41,75	50,00
41,78	50,00
41,80	50,00
41,83	50,00
41,85	50,00
41,88	50,00
41,90	50,00
41,92	50,00
41,95	50,00
41,97	50,00
42,00	50,00
42,02	50,00
42,05	50,00
42,07	50,00
42,10	50,00
42,12	50,00
42,14	50,00
42,17	50,00
42,19	50,00
42,22	50,00
42,24	50,00
42,27	50,00
42,29	50,00
42,31	50,00
42,34	50,00
42,36	50,00
42,39	50,00
42,41	50,00
42,44	50,00
42,46	50,00
42,49	50,00
42,51	50,00
42,53	50,00
42,56	50,00
42,58	50,00
42,61	50,00
42,63	50,00
42,66	50,00
42,68	50,00
42,71	50,00
42,73	50,00
42,75	50,00
42,78	50,00
42,80	50,00
42,83	50,00
42,85	50,00
42,88	50,00
42,90	50,00
42,93	50,00
42,95	50,00
42,97	50,00
43,00	50,00
43,02	50,00
43,05	50,00
43,07	50,00
43,10	50,00
43,12	50,00
43,15	50,00
43,17	50,00
43,19	50,00
43,22	50,00
43,24	50,00
43,27	50,00
43,29	50,00
43,32	50,00
43,34	50,00
43,36	50,00
43,39	50,00
43,41	50,00
43,44	50,00
43,46	50,00
43,49	50,00
43,51	50,00
43,54	50,00
43,56	50,00
43,58	50,00
43,61	50,00
43,63	50,00
43,66	50,00
43,68	50,00
43,71	50,00
43,73	50,00
43,76	50,00
43,78	50,00
43,80	50,00
43,83	50,00
43,85	50,00
43,88	50,00
43,90	50,00
43,93	50,00
43,95	50,00
43,98	50,00
44,00	50,00
44,02	50,00
44,05	50,00
44,07	50,00
44,10	50,00
44,12	50,00
44,15	50,00
44,17	50,00
44,20	50,00
44,22	50,00
44,24	50,00
44,27	50,00
44,29	50,00
44,32	50,00
44,34	50,00
44,37	50,00
44,39	50,00
44,41	50,00
44,44	50,00
44,46	50,00
44,49	50,00
44,51	50,00
44,54	50,00
44,56	50,00
44,59	50,00
44,61	50,00
44,63	50,00
44,66	50,00
44,68	50,00
44,71	50,00
44,73	50,00
44,76	50,00
44,78	50,00
44,81	50,00
44,83	50,00
44,85	50,00
44,88	50,00
44,90	50,00
44,93	50,00
44,95	50,00
44,98	50,00
45,00	50,00
45,03	50,00
45,05	50,00
45,07	50,00
45,10	50,00
45,12	50,00
45,15	50,00
45,17	50,00
45,20	50,00
45,22	50,00
45,25	50,00
45,27	50,00
45,29	50,00
45,32	50,00
45,34	50,00
45,37	50,00
45,39	50,00
45,42	50,00
45,44	50,00
45,47	50,00
45,49	50,00
45,51	50,00
45,54	50,00
45,56	50,00
45,59	50,00
45,61	50,00
45,64	50,00
45,66	50,00
45,68	50,00
45,71	50,00
45,73	50,00
45,76	50,00
45,78	50,00
45,81	50,00
45,83	50,00
45,86	50,00
45,88	50,00
45,90	50,00
45,93	50,00
45,95	50,00
45,98	50,00
46,00	50,00
46,03	50,00
46,05	50,00
46,08	50,00
46,10	50,00
46,12	50,00
46,15	50,00
46,17	50,00
46,20	50,00
46,22	50,00
46,25	50,00
46,27	50,00
46,30	50,00
46,32	50,00
46,34	50,00
46,37	50,00
46,39	50,00
46,42	50,00
46,44	50,00
46,47	50,00
46,49	50,00
46,52	50,00
46,54	50,00
46,56	50,00
46,59	50,00
46,61	50,00
46,64	50,00
46,66	50,00
46,69	50,00
46,71	50,00
46,73	50,00
46,76	50,00
46,78	50,00
46,81	50,00
46,83	50,00
46,86	50,00
46,88	50,00
46,91	50,00
46,93	50,00
46,95	50,00
46,98	50,00
47,00	50,00
47,03	50,00
47,05	50,00
47,08	50,00
47,10	50,00
47,13	50,00
47,15	50,00
47,17	50,00
47,20	50,00
47,22	50,00
47,25	50,00
47,27	50,00
47,30	50,00
47,32	50,00
47,35	50,00
47,37	50,00
47,39	50,00
47,42	50,00
47,44	50,00
47,47	50,00
47,49	50,00
47,52	50,00
47,54	50,00
47,57	50,00
47,59	50,00
47,61	50,00
47,64	50,00
47,66	50,00
47,69	50,00
47,71	50,00
47,74	50,00
47,76	50,00
47,78	50,00
47,81	50,00
47,83	50,00
47,86	50,00
47,88	50,00
47,91	50,00
47,93	50,00
47,96	50,00
47,98	50,00
48,00	50,00
48,03	50,00
48,05	50,00
48,08	50,00
48,10	50,00
48,13	50,00
48,15	50,00
48,18	50,00
48,20	50,00
48,22	50,00
48,25	50,00
48,27	50,00
48,30	50,00
48,32	50,00
48,35	50,00
48,37	50,00
48,40	50,00
48,42	50,00
48,44	50,00
48,47	50,00
48,49	50,00
48,52	50,00
48,54	50,00
48,57	50,00
48,59	50,00
48,62	50,00
48,64	50,00
48,66	50,00
48,69	50,00
48,71	50,00
48,74	50,00
48,76	50,00
48,79	50,00
48,81	50,00
48,84	50,00
48,86	50,00
48,88	50,00
48,91	50,00
48,93	50,00
48,96	50,00
48,98	50,00
49,01	50,00
49,03	50,00
49,05	50,00
49,08	50,00
49,10	50,00
49,13	50,00
49,15	50,00
49,18	50,00
49,20	50,00
49,23	50,00
49,25	50,00
49,27	50,00
49,30	50,00
49,32	50,00
49,35	50,00
49,37	50,00
49,40	50,00
49,42	50,00
49,45	50,00
49,47	50,00
49,49	50,00
49,52	50,00
49,54	50,00
49,57	50,00
49,59	50,00
49,62	50,00
49,64	50,00
49,67	50,00
49,69	50,00
49,71	50,00
49,74	50,00
49,76	50,00
49,79	50,00
49,81	50,00
49,84	50,00
49,86	50,00
49,89	50,00
49,91	50,00
49,93	50,00
49,96	50,00
49,98	50,00
50,01	50,00
50,03	50,00
50,06	50,00
50,08	50,00
50,10	50,00
50,13	50,00
50,15	50,00
50,18	50,00
50,20	50,00
50,23	50,00
50,25	50,00
50,28	50,00
50,30	50,00
50,32	50,00
50,35	50,00
50,37	50,00
50,40	50,00
50,42	50,00
50,45	50,00
50,47	50,00
50,50	50,00
50,52	50,00
50,54	50,00
50,57	50,00
50,59	50,00
50,62	50,00
50,64	50,00
50,67	50,00
50,69	50,00
50,72	50,00
50,74	50,00
50,76	50,00
50,79	50,00
50,81	50,00
50,84	50,00
50,86	50,00
50,89	50,00
50,91	50,00
50,94	50,00
50,96	50,00
50,98	50,00
51,01	50,00
51,03	50,00
51,06	50,00
51,08	50,00
51,11	50,00
51,13	50,00
51,15	50,00
51,18	50,00
51,20	50,00
51,23	50,00
51,25	50,00
51,28	50,00
51,30	50,00
51,33	50,00
51,35	50,00
51,37	50,00
51,40	50,00
51,42	50,00
51,45	50,00
51,47	50,00
51,50	50,00
51,52	50,00
51,55	50,00
51,57	50,00
51,59	50,00
51,62	50,00
51,64	50,00
51,67	50,00
51,69	50,00
51,72	50,00
51,74	50,00
51,77	50,00
51,79	50,00
51,81	50,00
51,84	50,00
51,86	50,00
51,89	50,00
51,91	50,00
51,94	50,00
51,96	50,00
51,99	50,00
52,01	50,00
52,03	50,00
52,06	50,00
52,08	50,00
52,11	50,00
52,13	50,00
52,16	50,00
52,18	50,00
52,20	50,00
52,23	50,00
52,25	50,00
52,28	50,00
52,30	50,00
52,33	50,00
52,35	50,00
52,38	50,00
52,40	50,00
52,42	50,00
52,45	50,00
52,47	50,00
52,50	50,00
52,52	50,00
52,55	50,00
52,57	50,00
52,60	50,00
52,62	50,00
52,64	50,00
52,67	50,00
52,69	50,00
52,72	50,00
52,74	50,00
52,77	50,00
52,79	50,00
52,82	50,00
52,84	50,00
52,86	50,00
52,89	50,00
52,91	50,00
52,94	50,00
52,96	50,00
52,99	50,00
53,01	50,00
53,04	50,00
53,06	50,00
53,08	50,00
53,11	50,00
53,13	50,00
53,16	50,00
53,18	50,00
53,21	50,00
53,23	50,00
53,26	50,00
53,28	50,00
53,30	50,00
53,33	50,00
53,35	50,00
53,38	50,00
53,40	50,00
53,43	50,00
53,45	50,00
53,47	50,00
53,50	50,00
53,52	50,00
53,55	50,00
53,57	50,00
53,60	50,00
53,62	50,00
53,65	50,00
53,67	50,00
53,69	50,00
53,72	50,00
53,74	50,00
53,77	50,00
53,79	50,00
53,82	50,00
53,84	50,00
53,87	50,00
53,89	50,00
53,91	50,00
53,94	50,00
53,96	50,00
53,99	50,00
54,01	50,00
54,04	50,00
54,06	50,00
54,09	50,00
54,11	50,00
54,13	50,00
54,16	50,00
54,18	50,00
54,21	50,00
54,23	50,00
54,26	50,00
54,28	50,00
54,31	50,00
54,33	50,00
54,35	50,00
54,38	50,00
54,40	50,00
54,43	50,00
54,45	50,00
54,48	50,00
54,50	50,00
54,52	50,00
54,55	50,00
54,57	50,00
54,60	50,00
54,62	50,00
54,65	50,00
54,67	50,00
54,70	50,00
54,72	50,00
54,74	50,00
54,77	50,00
54,79	50,00
54,82	50,00
54,84	50,00
54,87	50,00
54,89	50,00
54,92	50,00
54,94	50,00
54,96	50,00
54,99	50,00
55,01	50,00
55,04	50,00
55,06	50,00
55,09	50,00
55,11	50,00
55,14	50,00
55,16	50,00
55,18	50,00
55,21	50,00
55,23	50,00
55,26	50,00
55,28	50,00
55,31	50,00
55,33	50,00
55,36	50,00
55,38	50,00
55,40	50,00
55,43	50,00
55,45	50,00
55,48	50,00
55,50	50,00
55,53	50,00
55,55	50,00
55,57	50,00
55,60	50,00
55,62	50,00
55,65	50,00
55,67	50,00
55,70	50,00
55,72	50,00
55,75	50,00
55,77	50,00
55,79	50,00
55,82	50,00
55,84	50,00
55,87	50,00
55,89	50,00
55,92	50,00
55,94	50,00
55,97	50,00
55,99	50,00
56,01	50,00
56,04	50,00
56,06	50,00
56,09	50,00
56,11	50,00
56,14	50,00
56,16	50,00
56,19	50,00
56,21	50,00
56,23	50,00
56,26	50,00
56,28	50,00
56,31	50,00
56,33	50,00
56,36	50,00
56,38	50,00
56,41	50,00
56,43	50,00
56,45	50,00
56,48	50,00
56,50	50,00
56,53	50,00
56,55	50,00
56,58	50,00
56,60	50,00
56,62	50,00
56,65	50,00
56,67	50,00
56,70	50,00
56,72	50,00
56,75	50,00
56,77	50,00
56,80	50,00
56,82	50,00
56,84	50,00
56,87	50,00
56,89	50,00
56,92	50,00
56,94	50,00
56,97	50,00
56,99	50,00
57,02	50,00
57,04	50,00
57,06	50,00
57,09	50,00
57,11	50,00
57,14	50,00
57,16	50,00
57,19	50,00
57,21	50,00
57,24	50,00
57,26	50,00
57,28	50,00
57,31	50,00
57,33	50,00
57,36	50,00
57,38	50,00
57,41	50,00
57,43	50,00
57,46	50,00
57,48	50,00
57,50	50,00
57,53	50,00
57,55	50,00
57,58	50,00
57,60	50,00
57,63	50,00
57,65	50,00
57,68	50,00
57,70	50,00
57,72	50,00
57,75	50,00
57,77	50,00
57,80	50,00
57,82	50,00
57,85	50,00
57,87	50,00
57,89	50,00
57,92	50,00
57,94	50,00
57,97	50,00
57,99	50,00
58,02	50,00
58,04	50,00
58,07	50,00
58,09	50,00
58,11	50,00
58,14	50,00
58,16	50,00
58,19	50,00
58,21	50,00
58,24	50,00
58,26	50,00
58,29	50,00
58,31	50,00
58,33	50,00
58,36	50,00
58,38	50,00
58,41	50,00
58,43	50,00
58,46	50,00
58,48	50,00
58,51	50,00
58,53	50,00
58,55	50,00
58,58	50,00
58,60	50,00
58,63	50,00
58,65	50,00
58,68	50,00
58,70	50,00
58,73	50,00
58,75	50,00
58,77	50,00
58,80	50,00
58,82	50,00
58,85	50,00
58,87	50,00
58,90	50,00
58,92	50,00
58,94	50,00
58,97	50,00
58,99	50,00
59,02	50,00
59,04	50,00
59,07	50,00
59,09	50,00
59,12	50,00
59,14	50,00
59,16	50,00
59,19	50,00
59,21	50,00
59,24	50,00
59,26	50,00
59,29	50,00
59,31	50,00
59,34	50,00
59,36	50,00
59,38	50,00
59,41	50,00
59,43	50,00
59,46	50,00
59,48	50,00
59,51	50,00
59,53	50,00
59,56	50,00
59,58	50,00
59,60	50,00
59,63	50,00
59,65	50,00
59,68	50,00
59,70	50,00
59,73	50,00
59,75	50,00
59,78	50,00
59,80	50,00
59,82	50,00
59,85	50,00
59,87	50,00
59,90	50,00
59,92	50,00
59,95	50,00
59,97	50,00
59,99	50,00
