Voltage U1	Corriente IA
U1/V	IA/nA

0,02	0,52
0,04	0,54
0,07	0,56
0,09	0,57
0,12	0,60
0,14	0,57
0,17	0,61
0,19	0,59
0,21	0,61
0,24	0,59
0,26	0,62
0,29	0,57
0,31	0,60
0,34	0,55
0,36	0,61
0,39	0,56
0,41	0,59
0,43	0,54
0,46	0,59
0,48	0,54
0,51	0,61
0,53	0,54
0,56	0,59
0,58	0,54
0,61	0,59
0,63	0,55
0,65	0,62
0,68	0,54
0,70	0,61
0,73	0,54
0,75	0,59
0,78	0,53
0,80	0,58
0,83	0,53
0,85	0,60
0,87	0,54
0,90	0,63
0,92	0,58
0,95	0,63
0,97	0,58
1,00	0,62
1,02	0,55
1,05	0,60
1,07	0,52
1,09	0,54
1,12	0,49
1,14	0,54
1,17	0,52
1,19	0,56
1,22	0,54
1,24	0,60
1,26	0,57
1,29	0,61
1,31	0,59
1,34	0,63
1,36	0,62
1,39	0,64
1,41	0,59
1,44	0,62
1,46	0,61
1,48	0,62
1,51	0,61
1,53	0,59
1,56	0,57
1,58	0,58
1,61	0,58
1,63	0,61
1,66	0,61
1,68	0,57
1,70	0,58
1,73	0,56
1,75	0,57
1,78	0,56
1,80	0,55
1,83	0,53
1,85	0,54
1,88	0,52
1,90	0,57
1,92	0,54
1,95	0,58
1,97	0,54
2,00	0,58
2,02	0,54
2,05	0,61
2,07	0,57
2,10	0,61
2,12	0,56
2,14	0,58
2,17	0,54
2,19	0,59
2,22	0,52
2,24	0,57
2,27	0,53
2,29	0,59
2,31	0,56
2,34	0,61
2,36	0,58
2,39	0,64
2,41	0,57
2,44	0,62
2,46	0,51
2,49	0,56
2,51	0,49
2,53	0,53
2,56	0,47
2,58	0,53
2,61	0,49
2,63	0,58
2,66	0,52
2,68	0,59
2,71	0,57
2,73	0,62
2,75	0,59
2,78	0,62
2,80	0,56
2,83	0,60
2,85	0,56
2,88	0,58
2,90	0,56
2,93	0,57
2,95	0,54
2,97	0,59
3,00	0,59
3,02	0,63
3,05	0,61
3,07	0,60
3,10	0,61
3,12	0,63
3,15	0,61
3,17	0,63
3,19	0,60
3,22	0,58
3,24	0,58
3,27	0,55
3,29	0,57
3,32	0,56
3,34	0,55
3,36	0,55
3,39	0,57
3,41	0,54
3,44	0,61
3,46	0,58
3,49	0,62
3,51	0,60
3,54	0,61
3,56	0,57
3,58	0,65
3,61	0,58
3,63	0,63
3,66	0,56
3,68	0,59
3,71	0,57
3,73	0,63
3,76	0,57
3,78	0,62
3,80	0,54
3,83	0,64
3,85	0,60
3,88	0,65
3,90	0,59
3,93	0,62
3,95	0,56
3,98	0,64
4,00	0,55
4,02	0,61
4,05	0,55
4,07	0,61
4,10	0,58
4,12	0,64
4,15	0,57
4,17	0,65
4,20	0,60
4,22	0,65
4,24	0,60
4,27	0,65
4,29	0,60
4,32	0,66
4,34	0,59
4,37	0,62
4,39	0,56
4,42	0,62
4,44	0,59
4,46	0,64
4,49	0,59
4,51	0,64
4,54	0,62
4,56	0,71
4,59	0,68
4,61	0,69
4,63	0,65
4,66	0,66
4,68	0,64
4,71	0,68
4,73	0,63
4,76	0,63
4,78	0,61
4,81	0,63
4,83	0,67
4,85	0,68
4,88	0,66
4,90	0,67
4,93	0,67
4,95	0,69
4,98	0,71
5,00	0,69
5,03	0,71
5,05	0,69
5,07	0,71
5,10	0,69
5,12	0,71
5,15	0,69
5,17	0,72
5,20	0,68
5,22	0,73
5,25	0,68
5,27	0,74
5,29	0,76
5,32	0,80
5,34	0,74
5,37	0,80
5,39	0,74
5,42	0,81
5,44	0,75
5,47	0,77
5,49	0,71
5,51	0,77
5,54	0,72
5,56	0,80
5,59	0,75
5,61	0,80
5,64	0,75
5,66	0,82
5,68	0,78
5,71	0,83
5,73	0,77
5,76	0,82
5,78	0,77
5,81	0,85
5,83	0,81
5,86	0,85
5,88	0,81
5,90	0,87
5,93	0,83
5,95	0,90
5,98	0,84
6,00	0,89
6,03	0,87
6,05	0,91
6,08	0,88
6,10	0,95
6,12	0,91
6,15	0,93
6,17	0,90
6,20	0,93
6,22	0,92
6,25	0,97
6,27	0,94
6,30	0,96
6,32	0,95
6,34	0,97
6,37	0,97
6,39	0,98
6,42	0,97
6,44	0,97
6,47	0,97
6,49	0,99
6,52	1,03
6,54	1,04
6,56	1,06
6,59	1,04
6,61	1,07
6,64	1,07
6,66	1,11
6,69	1,11
6,71	1,14
6,73	1,10
6,76	1,17
6,78	1,15
6,81	1,21
6,83	1,20
6,86	1,23
6,88	1,19
6,91	1,24
6,93	1,18
6,95	1,26
6,98	1,20
7,00	1,25
7,03	1,21
7,05	1,28
7,08	1,23
7,10	1,31
7,13	1,24
7,15	1,31
7,17	1,27
7,20	1,33
7,22	1,28
7,25	1,35
7,27	1,29
7,30	1,38
7,32	1,33
7,35	1,38
7,37	1,34
7,39	1,41
7,42	1,38
7,44	1,44
7,47	1,37
7,49	1,46
7,52	1,44
7,54	1,48
7,57	1,44
7,59	1,49
7,61	1,46
7,64	1,53
7,66	1,48
7,69	1,52
7,71	1,47
7,74	1,52
7,76	1,52
7,78	1,56
7,81	1,54
7,83	1,57
7,86	1,55
7,88	1,61
7,91	1,61
7,93	1,64
7,96	1,64
7,98	1,65
8,00	1,63
8,03	1,67
8,05	1,68
8,08	1,68
8,10	1,68
8,13	1,66
8,15	1,68
8,18	1,69
8,20	1,69
8,22	1,71
8,25	1,74
8,27	1,72
8,30	1,75
8,32	1,73
8,35	1,77
8,37	1,77
8,40	1,80
8,42	1,76
8,44	1,77
8,47	1,72
8,49	1,79
8,52	1,76
8,54	1,78
8,57	1,73
8,59	1,79
8,62	1,78
8,64	1,85
8,66	1,78
8,69	1,83
8,71	1,79
8,74	1,85
8,76	1,82
8,79	1,87
8,81	1,81
8,84	1,88
8,86	1,82
8,88	1,89
8,91	1,85
8,93	1,89
8,96	1,85
8,98	1,93
9,01	1,87
9,03	1,94
9,05	1,88
9,08	1,93
9,10	1,88
9,13	1,95
9,15	1,90
9,18	1,94
9,20	1,89
9,23	1,95
9,25	1,91
9,27	1,95
9,30	1,92
9,32	1,97
9,35	1,98
9,37	2,00
9,40	1,95
9,42	1,99
9,45	1,98
9,47	2,01
9,49	2,01
9,52	2,00
9,54	1,99
9,57	2,02
9,59	2,02
9,62	2,06
9,64	2,05
9,67	2,03
9,69	2,07
9,71	2,07
9,74	2,09
9,76	2,10
9,79	2,09
9,81	2,07
9,84	2,09
9,86	2,07
9,89	2,13
9,91	2,09
9,93	2,14
9,96	2,13
9,98	2,16
10,01	2,12
10,03	2,19
10,06	2,16
10,08	2,23
10,10	2,17
10,13	2,19
10,15	2,15
10,18	2,23
10,20	2,17
10,23	2,25
10,25	2,18
10,28	2,27
10,30	2,25
10,32	2,33
10,35	2,29
10,37	2,35
10,40	2,29
10,42	2,37
10,45	2,31
10,47	2,39
10,50	2,34
10,52	2,42
10,54	2,38
10,57	2,45
10,59	2,41
10,62	2,49
10,64	2,42
10,67	2,50
10,69	2,47
10,72	2,53
10,74	2,50
10,76	2,56
10,79	2,51
10,81	2,60
10,84	2,57
10,86	2,63
10,89	2,61
10,91	2,65
10,94	2,63
10,96	2,73
10,98	2,72
11,01	2,79
11,03	2,79
11,06	2,84
11,08	2,87
11,11	2,94
11,13	2,93
11,15	2,98
11,18	2,99
11,20	3,00
11,23	3,02
11,25	3,05
11,28	3,09
11,30	3,12
11,33	3,17
11,35	3,18
11,37	3,22
11,40	3,24
11,42	3,32
11,45	3,33
11,47	3,38
11,50	3,37
11,52	3,42
11,55	3,44
11,57	3,53
11,59	3,52
11,62	3,60
11,64	3,59
11,67	3,66
11,69	3,68
11,72	3,78
11,74	3,77
11,77	3,86
11,79	3,84
11,81	3,94
11,84	3,93
11,86	4,01
11,89	3,97
11,91	4,04
11,94	4,00
11,96	4,08
11,99	4,06
12,01	4,16
12,03	4,12
12,06	4,23
12,08	4,21
12,11	4,29
12,13	4,27
12,16	4,37
12,18	4,34
12,21	4,42
12,23	4,39
12,25	4,47
12,28	4,45
12,30	4,54
12,33	4,48
12,35	4,56
12,38	4,53
12,40	4,60
12,42	4,59
12,45	4,64
12,47	4,59
12,50	4,66
12,52	4,63
12,55	4,72
12,57	4,68
12,60	4,70
12,62	4,68
12,64	4,70
12,67	4,68
12,69	4,73
12,72	4,70
12,74	4,72
12,77	4,71
12,79	4,72
12,82	4,75
12,84	4,76
12,86	4,76
12,89	4,75
12,91	4,74
12,94	4,75
12,96	4,76
12,99	4,74
13,01	4,76
13,04	4,71
13,06	4,71
13,08	4,70
13,11	4,73
13,13	4,69
13,16	4,75
13,18	4,68
13,21	4,71
13,23	4,67
13,26	4,72
13,28	4,70
13,30	4,74
13,33	4,64
13,35	4,68
13,38	4,61
13,40	4,69
13,43	4,61
13,45	4,63
13,47	4,56
13,50	4,61
13,52	4,55
13,55	4,63
13,57	4,55
13,60	4,60
13,62	4,54
13,65	4,59
13,67	4,52
13,69	4,57
13,72	4,50
13,74	4,56
13,77	4,49
13,79	4,54
13,82	4,50
13,84	4,55
13,87	4,48
13,89	4,55
13,91	4,50
13,94	4,57
13,96	4,51
13,99	4,53
14,01	4,49
14,04	4,54
14,06	4,47
14,09	4,52
14,11	4,46
14,13	4,48
14,16	4,46
14,18	4,48
14,21	4,47
14,23	4,50
14,26	4,46
14,28	4,48
14,31	4,46
14,33	4,47
14,35	4,50
14,38	4,50
14,40	4,50
14,43	4,51
14,45	4,51
14,48	4,53
14,50	4,57
14,52	4,55
14,55	4,59
14,57	4,58
14,60	4,60
14,62	4,62
14,65	4,68
14,67	4,68
14,70	4,73
14,72	4,70
14,74	4,77
14,77	4,75
14,79	4,80
14,82	4,78
14,84	4,81
14,87	4,77
14,89	4,85
14,92	4,81
14,94	4,90
14,96	4,86
14,99	4,93
15,01	4,90
15,04	5,00
15,06	4,97
15,09	5,09
15,11	5,06
15,14	5,16
15,16	5,15
15,18	5,26
15,21	5,27
15,23	5,37
15,26	5,32
15,28	5,43
15,31	5,41
15,33	5,52
15,36	5,54
15,38	5,61
15,40	5,61
15,43	5,71
15,45	5,70
15,48	5,82
15,50	5,81
15,53	5,89
15,55	5,90
15,57	5,97
15,60	6,00
15,62	6,11
15,65	6,11
15,67	6,19
15,70	6,19
15,72	6,26
15,75	6,33
15,77	6,42
15,79	6,45
15,82	6,55
15,84	6,60
15,87	6,68
15,89	6,75
15,92	6,83
15,94	6,87
15,97	6,93
15,99	6,98
16,01	7,05
16,04	7,14
16,06	7,22
16,09	7,31
16,11	7,37
16,14	7,46
16,16	7,52
16,19	7,64
16,21	7,71
16,23	7,84
16,26	7,87
16,28	8,00
16,31	8,05
16,33	8,21
16,36	8,25
16,38	8,36
16,41	8,38
16,43	8,50
16,45	8,53
16,48	8,69
16,50	8,69
16,53	8,84
16,55	8,91
16,58	9,07
16,60	9,13
16,63	9,31
16,65	9,34
16,67	9,50
16,70	9,53
16,72	9,64
16,75	9,67
16,77	9,80
16,80	9,82
16,82	9,98
16,84	10,01
16,87	10,17
16,89	10,22
16,92	10,34
16,94	10,40
16,97	10,54
16,99	10,54
17,02	10,68
17,04	10,66
17,06	10,75
17,09	10,74
17,11	10,82
17,14	10,80
17,16	10,90
17,19	10,88
17,21	10,96
17,24	10,94
17,26	11,03
17,28	11,06
17,31	11,14
17,33	11,13
17,36	11,16
17,38	11,14
17,41	11,19
17,43	11,18
17,46	11,19
17,48	11,19
17,50	11,18
17,53	11,18
17,55	11,19
17,58	11,19
17,60	11,19
17,63	11,18
17,65	11,14
17,68	11,17
17,70	11,14
17,72	11,15
17,75	11,13
17,77	11,10
17,80	11,03
17,82	11,01
17,85	10,93
17,87	10,96
17,89	10,88
17,92	10,86
17,94	10,79
17,97	10,78
17,99	10,69
18,02	10,72
18,04	10,59
18,07	10,60
18,09	10,50
18,11	10,51
18,14	10,42
18,16	10,44
18,19	10,31
18,21	10,33
18,24	10,17
18,26	10,17
18,29	10,03
18,31	10,03
18,33	9,90
18,36	9,90
18,38	9,78
18,41	9,83
18,43	9,71
18,46	9,72
18,48	9,60
18,51	9,59
18,53	9,49
18,55	9,48
18,58	9,34
18,60	9,36
18,63	9,23
18,65	9,24
18,68	9,16
18,70	9,16
18,73	9,08
18,75	9,09
18,77	8,99
18,80	9,00
18,82	8,94
18,85	8,95
18,87	8,89
18,90	8,87
18,92	8,80
18,94	8,82
18,97	8,75
18,99	8,76
19,02	8,71
19,04	8,68
19,07	8,66
19,09	8,65
19,12	8,64
19,14	8,68
19,16	8,65
19,19	8,62
19,21	8,62
19,24	8,58
19,26	8,60
19,29	8,59
19,31	8,60
19,34	8,58
19,36	8,60
19,38	8,57
19,41	8,65
19,43	8,65
19,46	8,70
19,48	8,67
19,51	8,72
19,53	8,71
19,56	8,81
19,58	8,77
19,60	8,85
19,63	8,81
19,65	8,90
19,68	8,92
19,70	9,03
19,73	9,00
19,75	9,13
19,78	9,10
19,80	9,23
19,82	9,23
19,85	9,33
19,87	9,34
19,90	9,47
19,92	9,46
19,95	9,60
19,97	9,58
19,99	9,71
20,02	9,72
20,04	9,84
20,07	9,86
20,09	10,00
20,12	10,02
20,14	10,18
20,17	10,22
20,19	10,36
20,21	10,40
20,24	10,54
20,26	10,59
20,29	10,73
20,31	10,76
20,34	10,89
20,36	10,96
20,39	11,11
20,41	11,19
20,43	11,29
20,46	11,35
20,48	11,50
20,51	11,60
20,53	11,74
20,56	11,80
20,58	11,90
20,61	12,03
20,63	12,14
20,65	12,24
20,68	12,37
20,70	12,50
20,73	12,62
20,75	12,75
20,78	12,86
20,80	13,03
20,83	13,16
20,85	13,32
20,87	13,42
20,90	13,55
20,92	13,65
20,95	13,84
20,97	13,95
21,00	14,14
21,02	14,20
21,05	14,37
21,07	14,50
21,09	14,73
21,12	14,83
21,14	15,06
21,17	15,13
21,19	15,37
21,22	15,51
21,24	15,70
21,26	15,77
21,29	15,95
21,31	16,02
21,34	16,28
21,36	16,39
21,39	16,60
21,41	16,73
21,44	16,99
21,46	17,11
21,48	17,37
21,51	17,47
21,53	17,70
21,56	17,80
21,58	18,03
21,61	18,14
21,63	18,35
21,66	18,43
21,68	18,66
21,70	18,73
21,73	18,97
21,75	19,08
21,78	19,29
21,80	19,44
21,83	19,66
21,85	19,75
21,88	19,96
21,90	20,04
21,92	20,25
21,95	20,33
21,97	20,45
22,00	20,51
22,02	20,65
22,05	20,74
22,07	20,88
22,10	20,94
22,12	21,05
22,14	21,11
22,17	21,21
22,19	21,30
22,22	21,40
22,24	21,48
22,27	21,53
22,29	21,56
22,31	21,63
22,34	21,71
22,36	21,76
22,39	21,80
22,41	21,80
22,44	21,85
22,46	21,89
22,49	21,95
22,51	21,92
22,53	21,96
22,56	21,91
22,58	21,92
22,61	21,89
22,63	21,91
22,66	21,84
22,68	21,86
22,71	21,74
22,73	21,75
22,75	21,64
22,78	21,62
22,80	21,50
22,83	21,45
22,85	21,27
22,88	21,24
22,90	21,05
22,93	21,01
22,95	20,80
22,97	20,72
23,00	20,54
23,02	20,49
23,05	20,29
23,07	20,25
23,10	20,04
23,12	19,98
23,15	19,77
23,17	19,69
23,19	19,46
23,22	19,38
23,24	19,13
23,27	19,04
23,29	18,81
23,32	18,72
23,34	18,54
23,36	18,45
23,39	18,22
23,41	18,14
23,44	17,95
23,46	17,89
23,49	17,71
23,51	17,58
23,54	17,39
23,56	17,30
23,58	17,13
23,61	17,05
23,63	16,86
23,66	16,75
23,68	16,60
23,71	16,53
23,73	16,43
23,76	16,34
23,78	16,23
23,80	16,16
23,83	16,06
23,85	15,97
23,88	15,90
23,90	15,83
23,93	15,78
23,95	15,70
23,98	15,64
24,00	15,57
24,02	15,56
24,05	15,48
24,07	15,48
24,10	15,40
24,12	15,39
24,15	15,32
24,17	15,35
24,20	15,31
24,22	15,34
24,24	15,24
24,27	15,29
24,29	15,23
24,32	15,30
24,34	15,26
24,37	15,33
24,39	15,28
24,42	15,37
24,44	15,34
24,46	15,45
24,49	15,39
24,51	15,47
24,54	15,46
24,56	15,59
24,59	15,59
24,61	15,73
24,63	15,71
24,66	15,87
24,68	15,91
24,71	16,03
24,73	16,05
24,76	16,19
24,78	16,20
24,81	16,38
24,83	16,43
24,85	16,59
24,88	16,63
24,90	16,79
24,93	16,86
24,95	17,02
24,98	17,08
25,00	17,26
25,03	17,31
25,05	17,48
25,07	17,55
25,10	17,68
25,12	17,76
25,15	17,93
25,17	17,99
25,20	18,16
25,22	18,25
25,25	18,42
25,27	18,59
25,29	18,79
25,32	18,92
25,34	19,10
25,37	19,24
25,39	19,42
25,42	19,60
25,44	19,74
25,47	19,90
25,49	20,04
25,51	20,21
25,54	20,38
25,56	20,58
25,59	20,75
25,61	20,97
25,64	21,11
25,66	21,36
25,68	21,52
25,71	21,78
25,73	21,96
25,76	22,21
25,78	22,32
25,81	22,58
25,83	22,71
25,86	22,96
25,88	23,08
25,90	23,33
25,93	23,46
25,95	23,77
25,98	23,96
26,00	24,28
26,03	24,46
26,05	24,76
26,08	24,96
26,10	25,31
26,12	25,49
26,15	25,76
26,17	25,91
26,20	26,21
26,22	26,37
26,25	26,64
26,27	26,81
26,30	27,10
26,32	27,34
26,34	27,68
26,37	27,89
26,39	28,24
26,42	28,47
26,44	28,77
26,47	28,95
26,49	29,21
26,52	29,39
26,54	29,69
26,56	29,88
26,59	30,17
26,61	30,34
26,64	30,65
26,66	30,91
26,69	31,23
26,71	31,45
26,73	31,79
26,76	32,01
26,78	32,31
26,81	32,57
26,83	32,79
26,86	33,02
26,88	33,24
26,91	33,41
26,93	33,63
26,95	33,86
26,98	34,08
27,00	34,36
27,03	34,54
27,05	34,79
27,08	35,03
27,10	35,28
27,13	35,50
27,15	35,73
27,17	35,84
27,20	36,05
27,22	36,14
27,25	36,34
27,27	36,47
27,30	36,66
27,32	36,74
27,35	36,93
27,37	37,03
27,39	37,26
27,42	37,33
27,44	37,45
27,47	37,48
27,49	37,62
27,52	37,65
27,54	37,76
27,57	37,73
27,59	37,80
27,61	37,77
27,64	37,83
27,66	37,73
27,69	37,75
27,71	37,63
27,74	37,66
27,76	37,50
27,78	37,47
27,81	37,28
27,83	37,24
27,86	37,06
27,88	36,99
27,91	36,74
27,93	36,68
27,96	36,43
27,98	36,33
28,00	36,06
28,03	35,91
28,05	35,60
28,08	35,45
28,10	35,12
28,13	34,94
28,15	34,60
28,18	34,38
28,20	34,10
28,22	33,93
28,25	33,64
28,27	33,42
28,30	33,11
28,32	32,89
28,35	32,60
28,37	32,35
28,40	32,03
28,42	31,73
28,44	31,43
28,47	31,19
28,49	30,88
28,52	30,65
28,54	30,38
28,57	30,14
28,59	29,92
28,62	29,71
28,64	29,46
28,66	29,27
28,69	29,04
28,71	28,79
28,74	28,57
28,76	28,31
28,79	28,12
28,81	27,90
28,84	27,71
28,86	27,51
28,88	27,34
28,91	27,13
28,93	27,05
28,96	26,86
28,98	26,78
29,01	26,58
29,03	26,51
29,05	26,37
29,08	26,33
29,10	26,15
29,13	26,11
29,15	25,94
29,18	25,93
29,20	25,82
29,23	25,82
29,25	25,71
29,27	25,75
29,30	25,62
29,32	25,71
29,35	25,61
29,37	25,65
29,40	25,58
29,42	25,64
29,45	25,58
29,47	25,71
29,49	25,65
29,52	25,78
29,54	25,75
29,57	25,87
29,59	25,90
29,62	26,03
29,64	26,01
29,67	26,15
29,69	26,17
29,71	26,32
29,74	26,38
29,76	26,50
29,79	26,57
29,81	26,73
29,84	26,79
29,86	26,98
29,89	27,07
29,91	27,26
29,93	27,41
29,96	27,56
29,98	27,68
30,01	27,84
30,03	27,96
30,06	28,16
30,08	28,28
30,10	28,39
30,13	28,55
30,15	28,71
30,18	28,93
30,20	29,14
30,23	29,32
30,25	29,50
30,28	29,72
30,30	29,89
30,32	30,17
30,35	30,32
30,37	30,55
30,40	30,73
30,42	30,98
30,45	31,15
30,47	31,48
30,50	31,66
30,52	31,98
30,54	32,19
30,57	32,53
30,59	32,75
30,62	33,13
30,64	33,32
30,67	33,63
30,69	33,81
30,72	34,15
30,74	34,33
30,76	34,66
30,79	34,86
30,81	35,18
30,84	35,43
30,86	35,82
30,89	36,05
30,91	36,44
30,94	36,70
30,96	37,12
30,98	37,43
31,01	37,76
31,03	37,98
31,06	38,35
31,08	38,57
31,11	38,93
31,13	39,20
31,15	39,55
31,18	39,87
31,20	40,29
31,23	40,61
31,25	41,06
31,28	41,38
31,30	41,77
31,33	42,12
31,35	42,49
31,37	42,77
31,40	43,16
31,42	43,48
31,45	43,89
31,47	44,22
31,50	44,56
31,52	44,96
31,55	45,39
31,57	45,78
31,59	46,23
31,62	46,61
31,64	47,01
31,67	47,44
31,69	47,84
31,72	48,23
31,74	48,59
31,77	48,92
31,79	49,23
31,81	49,49
31,84	49,69
31,86	49,83
31,89	49,94
31,91	50,00
31,94	50,00
31,96	50,00
31,99	50,00
32,01	50,00
32,03	50,00
32,06	50,00
32,08	50,00
32,11	50,00
32,13	50,00
32,16	50,00
32,18	50,00
32,20	50,00
32,23	50,00
32,25	50,00
32,28	50,00
32,30	50,00
32,33	50,00
32,35	50,00
32,38	50,00
32,40	50,00
32,42	50,00
32,45	50,00
32,47	50,00
32,50	50,00
32,52	50,00
32,55	50,00
32,57	50,00
32,60	50,00
32,62	50,00
32,64	50,00
32,67	50,00
32,69	50,00
32,72	50,00
32,74	50,00
32,77	50,00
32,79	50,00
32,82	50,00
32,84	50,00
32,86	50,00
32,89	50,00
32,91	50,00
32,94	50,00
32,96	50,00
32,99	50,00
33,01	50,00
33,04	50,00
33,06	50,00
33,08	50,00
33,11	50,00
33,13	50,00
33,16	50,00
33,18	50,00
33,21	50,00
33,23	50,00
33,26	50,00
33,28	50,00
33,30	50,00
33,33	50,00
33,35	50,00
33,38	50,00
33,40	50,00
33,43	50,00
33,45	50,00
33,47	50,00
33,50	49,98
33,52	49,89
33,55	49,78
33,57	49,57
33,60	49,36
33,62	49,03
33,65	48,70
33,67	48,28
33,69	47,93
33,72	47,53
33,74	47,20
33,77	46,77
33,79	46,45
33,82	46,05
33,84	45,80
33,87	45,46
33,89	45,20
33,91	44,85
33,94	44,63
33,96	44,30
33,99	44,12
34,01	43,81
34,04	43,60
34,06	43,28
34,09	43,12
34,11	42,86
34,13	42,75
34,16	42,48
34,18	42,39
34,21	42,19
34,23	42,14
34,26	41,98
34,28	41,95
34,31	41,78
34,33	41,78
34,35	41,61
34,38	41,63
34,40	41,50
34,43	41,50
34,45	41,44
34,48	41,48
34,50	41,40
34,52	41,47
34,55	41,38
34,57	41,44
34,60	41,42
34,62	41,46
34,65	41,47
34,67	41,57
34,70	41,60
34,72	41,75
34,74	41,82
34,77	41,93
34,79	42,04
34,82	42,20
34,84	42,31
34,87	42,44
34,89	42,54
34,92	42,68
34,94	42,88
34,96	43,04
34,99	43,21
35,01	43,35
35,04	43,53
35,06	43,72
35,09	43,97
35,11	44,15
35,14	44,42
35,16	44,60
35,18	44,86
35,21	45,06
35,23	45,32
35,26	45,53
35,28	45,80
35,31	45,95
35,33	46,26
35,36	46,48
35,38	46,86
35,40	47,10
35,43	47,43
35,45	47,70
35,48	48,09
35,50	48,38
35,53	48,80
35,55	49,01
35,57	49,33
35,60	49,53
35,62	49,73
35,65	49,83
35,67	49,92
35,70	49,92
35,72	50,00
35,75	50,00
35,77	50,00
35,79	50,00
35,82	50,00
35,84	50,00
35,87	50,00
35,89	50,00
35,92	50,00
35,94	50,00
35,97	50,00
35,99	50,00
36,01	50,00
36,04	50,00
36,06	50,00
36,09	50,00
36,11	50,00
36,14	50,00
36,16	50,00
36,19	50,00
36,21	50,00
36,23	50,00
36,26	50,00
36,28	50,00
36,31	50,00
36,33	50,00
36,36	50,00
36,38	50,00
36,41	50,00
36,43	50,00
36,45	50,00
36,48	50,00
36,50	50,00
36,53	50,00
36,55	50,00
36,58	50,00
36,60	50,00
36,62	50,00
36,65	50,00
36,67	50,00
36,70	50,00
36,72	50,00
36,75	50,00
36,77	50,00
36,80	50,00
36,82	50,00
36,84	50,00
36,87	50,00
36,89	50,00
36,92	50,00
36,94	50,00
36,97	50,00
36,99	50,00
37,02	50,00
37,04	50,00
37,06	50,00
37,09	50,00
37,11	50,00
37,14	50,00
37,16	50,00
37,19	50,00
37,21	50,00
37,24	50,00
37,26	50,00
37,28	50,00
37,31	50,00
37,33	50,00
37,36	50,00
37,38	50,00
37,41	50,00
37,43	50,00
37,46	50,00
37,48	50,00
37,50	50,00
37,53	50,00
37,55	50,00
37,58	50,00
37,60	50,00
37,63	50,00
37,65	50,00
37,68	50,00
37,70	50,00
37,72	50,00
37,75	50,00
37,77	50,00
37,80	50,00
37,82	50,00
37,85	50,00
37,87	50,00
37,89	50,00
37,92	50,00
37,94	50,00
37,97	50,00
37,99	50,00
38,02	50,00
38,04	50,00
38,07	50,00
38,09	50,00
38,11	50,00
38,14	50,00
38,16	50,00
38,19	50,00
38,21	50,00
38,24	50,00
38,26	50,00
38,29	50,00
38,31	50,00
38,33	50,00
38,36	50,00
38,38	50,00
38,41	50,00
38,43	50,00
38,46	50,00
38,48	50,00
38,51	50,00
38,53	50,00
38,55	50,00
38,58	50,00
38,60	50,00
38,63	50,00
38,65	50,00
38,68	50,00
38,70	50,00
38,73	50,00
38,75	50,00
38,77	50,00
38,80	50,00
38,82	50,00
38,85	50,00
38,87	50,00
38,90	50,00
38,92	50,00
38,94	50,00
38,97	50,00
38,99	50,00
39,02	50,00
39,04	50,00
39,07	50,00
39,09	50,00
39,12	50,00
39,14	50,00
39,16	50,00
39,19	50,00
39,21	50,00
39,24	50,00
39,26	50,00
39,29	50,00
39,31	50,00
39,34	50,00
39,36	50,00
39,38	50,00
39,41	50,00
39,43	50,00
39,46	50,00
39,48	50,00
39,51	50,00
39,53	50,00
39,56	50,00
39,58	50,00
39,60	50,00
39,63	50,00
39,65	50,00
39,68	50,00
39,70	50,00
39,73	50,00
39,75	50,00
39,78	50,00
39,80	50,00
39,82	50,00
39,85	50,00
39,87	50,00
39,90	50,00
39,92	50,00
39,95	50,00
39,97	50,00
39,99	50,00
40,02	50,00
40,04	50,00
40,07	50,00
40,09	50,00
40,12	50,00
40,14	50,00
40,17	50,00
40,19	50,00
40,21	50,00
40,24	50,00
40,26	50,00
40,29	50,00
40,31	50,00
40,34	50,00
40,36	50,00
40,39	50,00
40,41	50,00
40,43	50,00
40,46	50,00
40,48	50,00
40,51	50,00
40,53	50,00
40,56	50,00
40,58	50,00
40,61	50,00
40,63	50,00
40,65	50,00
40,68	50,00
40,70	50,00
40,73	50,00
40,75	50,00
40,78	50,00
40,80	50,00
40,83	50,00
40,85	50,00
40,87	50,00
40,90	50,00
40,92	50,00
40,95	50,00
40,97	50,00
41,00	50,00
41,02	50,00
41,05	50,00
41,07	50,00
41,09	50,00
41,12	50,00
41,14	50,00
41,17	50,00
41,19	50,00
41,22	50,00
41,24	50,00
41,26	50,00
41,29	50,00
41,31	50,00
41,34	50,00
41,36	50,00
41,39	50,00
41,41	50,00
41,44	50,00
41,46	50,00
41,48	50,00
41,51	50,00
41,53	50,00
41,56	50,00
41,58	50,00
41,61	50,00
41,63	50,00
41,66	50,00
41,68	50,00
41,70	50,00
41,73	50,00
41,75	50,00
41,78	50,00
41,80	50,00
41,83	50,00
41,85	50,00
41,88	50,00
41,90	50,00
41,92	50,00
41,95	50,00
41,97	50,00
42,00	50,00
42,02	50,00
42,05	50,00
42,07	50,00
42,10	50,00
42,12	50,00
42,14	50,00
42,17	50,00
42,19	50,00
42,22	50,00
42,24	50,00
42,27	50,00
42,29	50,00
42,31	50,00
42,34	50,00
42,36	50,00
42,39	50,00
42,41	50,00
42,44	50,00
42,46	50,00
42,49	50,00
42,51	50,00
42,53	50,00
42,56	50,00
42,58	50,00
42,61	50,00
42,63	50,00
42,66	50,00
42,68	50,00
42,71	50,00
42,73	50,00
42,75	50,00
42,78	50,00
42,80	50,00
42,83	50,00
42,85	50,00
42,88	50,00
42,90	50,00
42,93	50,00
42,95	50,00
42,97	50,00
43,00	50,00
43,02	50,00
43,05	50,00
43,07	50,00
43,10	50,00
43,12	50,00
43,15	50,00
43,17	50,00
43,19	50,00
43,22	50,00
43,24	50,00
43,27	50,00
43,29	50,00
43,32	50,00
43,34	50,00
43,36	50,00
43,39	50,00
43,41	50,00
43,44	50,00
43,46	50,00
43,49	50,00
43,51	50,00
43,54	50,00
43,56	50,00
43,58	50,00
43,61	50,00
43,63	50,00
43,66	50,00
43,68	50,00
43,71	50,00
43,73	50,00
43,76	50,00
43,78	50,00
43,80	50,00
43,83	50,00
43,85	50,00
43,88	50,00
43,90	50,00
43,93	50,00
43,95	50,00
43,98	50,00
44,00	50,00
44,02	50,00
44,05	50,00
44,07	50,00
44,10	50,00
44,12	50,00
44,15	50,00
44,17	50,00
44,20	50,00
44,22	50,00
44,24	50,00
44,27	50,00
44,29	50,00
44,32	50,00
44,34	50,00
44,37	50,00
44,39	50,00
44,41	50,00
44,44	50,00
44,46	50,00
44,49	50,00
44,51	50,00
44,54	50,00
44,56	50,00
44,59	50,00
44,61	50,00
44,63	50,00
44,66	50,00
44,68	50,00
44,71	50,00
44,73	50,00
44,76	50,00
44,78	50,00
44,81	50,00
44,83	50,00
44,85	50,00
44,88	50,00
44,90	50,00
44,93	50,00
44,95	50,00
44,98	50,00
45,00	50,00
45,03	50,00
45,05	50,00
45,07	50,00
45,10	50,00
45,12	50,00
45,15	50,00
45,17	50,00
45,20	50,00
45,22	50,00
45,25	50,00
45,27	50,00
45,29	50,00
45,32	50,00
45,34	50,00
45,37	50,00
45,39	50,00
45,42	50,00
45,44	50,00
45,47	50,00
45,49	50,00
45,51	50,00
45,54	50,00
45,56	50,00
45,59	50,00
45,61	50,00
45,64	50,00
45,66	50,00
45,68	50,00
45,71	50,00
45,73	50,00
45,76	50,00
45,78	50,00
45,81	50,00
45,83	50,00
45,86	50,00
45,88	50,00
45,90	50,00
45,93	50,00
45,95	50,00
45,98	50,00
46,00	50,00
46,03	50,00
46,05	50,00
46,08	50,00
46,10	50,00
46,12	50,00
46,15	50,00
46,17	50,00
46,20	50,00
46,22	50,00
46,25	50,00
46,27	50,00
46,30	50,00
46,32	50,00
46,34	50,00
46,37	50,00
46,39	50,00
46,42	50,00
46,44	50,00
46,47	50,00
46,49	50,00
46,52	50,00
46,54	50,00
46,56	50,00
46,59	50,00
46,61	50,00
46,64	50,00
46,66	50,00
46,69	50,00
46,71	50,00
46,73	50,00
46,76	50,00
46,78	50,00
46,81	50,00
46,83	50,00
46,86	50,00
46,88	50,00
46,91	50,00
46,93	50,00
46,95	50,00
46,98	50,00
47,00	50,00
47,03	50,00
47,05	50,00
47,08	50,00
47,10	50,00
47,13	50,00
47,15	50,00
47,17	50,00
47,20	50,00
47,22	50,00
47,25	50,00
47,27	50,00
47,30	50,00
47,32	50,00
47,35	50,00
47,37	50,00
47,39	50,00
47,42	50,00
47,44	50,00
47,47	50,00
47,49	50,00
47,52	50,00
47,54	50,00
47,57	50,00
47,59	50,00
47,61	50,00
47,64	50,00
47,66	50,00
47,69	50,00
47,71	50,00
47,74	50,00
47,76	50,00
47,78	50,00
47,81	50,00
47,83	50,00
47,86	50,00
47,88	50,00
47,91	50,00
47,93	50,00
47,96	50,00
47,98	50,00
48,00	50,00
48,03	50,00
48,05	50,00
48,08	50,00
48,10	50,00
48,13	50,00
48,15	50,00
48,18	50,00
48,20	50,00
48,22	50,00
48,25	50,00
48,27	50,00
48,30	50,00
48,32	50,00
48,35	50,00
48,37	50,00
48,40	50,00
48,42	50,00
48,44	50,00
48,47	50,00
48,49	50,00
48,52	50,00
48,54	50,00
48,57	50,00
48,59	50,00
48,62	50,00
48,64	50,00
48,66	50,00
48,69	50,00
48,71	50,00
48,74	50,00
48,76	50,00
48,79	50,00
48,81	50,00
48,84	50,00
48,86	50,00
48,88	50,00
48,91	50,00
48,93	50,00
48,96	50,00
48,98	50,00
49,01	50,00
49,03	50,00
49,05	50,00
49,08	50,00
49,10	50,00
49,13	50,00
49,15	50,00
49,18	50,00
49,20	50,00
49,23	50,00
49,25	50,00
49,27	50,00
49,30	50,00
49,32	50,00
49,35	50,00
49,37	50,00
49,40	50,00
49,42	50,00
49,45	50,00
49,47	50,00
49,49	50,00
49,52	50,00
49,54	50,00
49,57	50,00
49,59	50,00
49,62	50,00
49,64	50,00
49,67	50,00
49,69	50,00
49,71	50,00
49,74	50,00
49,76	50,00
49,79	50,00
49,81	50,00
49,84	50,00
49,86	50,00
49,89	50,00
49,91	50,00
49,93	50,00
49,96	50,00
49,98	50,00
50,01	50,00
50,03	50,00
50,06	50,00
50,08	50,00
50,10	50,00
50,13	50,00
50,15	50,00
50,18	50,00
50,20	50,00
50,23	50,00
50,25	50,00
50,28	50,00
50,30	50,00
50,32	50,00
50,35	50,00
50,37	50,00
50,40	50,00
50,42	50,00
50,45	50,00
50,47	50,00
50,50	50,00
50,52	50,00
50,54	50,00
50,57	50,00
50,59	50,00
50,62	50,00
50,64	50,00
50,67	50,00
50,69	50,00
50,72	50,00
50,74	50,00
50,76	50,00
50,79	50,00
50,81	50,00
50,84	50,00
50,86	50,00
50,89	50,00
50,91	50,00
50,94	50,00
50,96	50,00
50,98	50,00
51,01	50,00
51,03	50,00
51,06	50,00
51,08	50,00
51,11	50,00
51,13	50,00
51,15	50,00
51,18	50,00
51,20	50,00
51,23	50,00
51,25	50,00
51,28	50,00
51,30	50,00
51,33	50,00
51,35	50,00
51,37	50,00
51,40	50,00
51,42	50,00
51,45	50,00
51,47	50,00
51,50	50,00
51,52	50,00
51,55	50,00
51,57	50,00
51,59	50,00
51,62	50,00
51,64	50,00
51,67	50,00
51,69	50,00
51,72	50,00
51,74	50,00
51,77	50,00
51,79	50,00
51,81	50,00
51,84	50,00
51,86	50,00
51,89	50,00
51,91	50,00
51,94	50,00
51,96	50,00
51,99	50,00
52,01	50,00
52,03	50,00
52,06	50,00
52,08	50,00
52,11	50,00
52,13	50,00
52,16	50,00
52,18	50,00
52,20	50,00
52,23	50,00
52,25	50,00
52,28	50,00
52,30	50,00
52,33	50,00
52,35	50,00
52,38	50,00
52,40	50,00
52,42	50,00
52,45	50,00
52,47	50,00
52,50	50,00
52,52	50,00
52,55	50,00
52,57	50,00
52,60	50,00
52,62	50,00
52,64	50,00
52,67	50,00
52,69	50,00
52,72	50,00
52,74	50,00
52,77	50,00
52,79	50,00
52,82	50,00
52,84	50,00
52,86	50,00
52,89	50,00
52,91	50,00
52,94	50,00
52,96	50,00
52,99	50,00
53,01	50,00
53,04	50,00
53,06	50,00
53,08	50,00
53,11	50,00
53,13	50,00
53,16	50,00
53,18	50,00
53,21	50,00
53,23	50,00
53,26	50,00
53,28	50,00
53,30	50,00
53,33	50,00
53,35	50,00
53,38	50,00
53,40	50,00
53,43	50,00
53,45	50,00
53,47	50,00
53,50	50,00
53,52	50,00
53,55	50,00
53,57	50,00
53,60	50,00
53,62	50,00
53,65	50,00
53,67	50,00
53,69	50,00
53,72	50,00
53,74	50,00
53,77	50,00
53,79	50,00
53,82	50,00
53,84	50,00
53,87	50,00
53,89	50,00
53,91	50,00
53,94	50,00
53,96	50,00
53,99	50,00
54,01	50,00
54,04	50,00
54,06	50,00
54,09	50,00
54,11	50,00
54,13	50,00
54,16	50,00
54,18	50,00
54,21	50,00
54,23	50,00
54,26	50,00
54,28	50,00
54,31	50,00
54,33	50,00
54,35	50,00
54,38	50,00
54,40	50,00
54,43	50,00
54,45	50,00
54,48	50,00
54,50	50,00
54,52	50,00
54,55	50,00
54,57	50,00
54,60	50,00
54,62	50,00
54,65	50,00
54,67	50,00
54,70	50,00
54,72	50,00
54,74	50,00
54,77	50,00
54,79	50,00
54,82	50,00
54,84	50,00
54,87	50,00
54,89	50,00
54,92	50,00
54,94	50,00
54,96	50,00
54,99	50,00
55,01	50,00
55,04	50,00
55,06	50,00
55,09	50,00
55,11	50,00
55,14	50,00
55,16	50,00
55,18	50,00
55,21	50,00
55,23	50,00
55,26	50,00
55,28	50,00
55,31	50,00
55,33	50,00
55,36	50,00
55,38	50,00
55,40	50,00
55,43	50,00
55,45	50,00
55,48	50,00
55,50	50,00
55,53	50,00
55,55	50,00
55,57	50,00
55,60	50,00
55,62	50,00
55,65	50,00
55,67	50,00
55,70	50,00
55,72	50,00
55,75	50,00
55,77	50,00
55,79	50,00
55,82	50,00
55,84	50,00
55,87	50,00
55,89	50,00
55,92	50,00
55,94	50,00
55,97	50,00
55,99	50,00
56,01	50,00
56,04	50,00
56,06	50,00
56,09	50,00
56,11	50,00
56,14	50,00
56,16	50,00
