Voltage U1	Corriente IA
U1/V	IA/nA

0,02	0,56
0,04	0,56
0,07	0,50
0,09	0,47
0,12	0,40
0,14	0,45
0,17	0,41
0,19	0,44
0,21	0,38
0,24	0,42
0,26	0,38
0,29	0,47
0,31	0,41
0,34	0,45
0,36	0,39
0,39	0,44
0,41	0,41
0,43	0,47
0,46	0,39
0,48	0,46
0,51	0,41
0,53	0,46
0,56	0,43
0,58	0,47
0,61	0,40
0,63	0,47
0,65	0,40
0,68	0,46
0,70	0,41
0,73	0,45
0,75	0,41
0,78	0,46
0,80	0,42
0,83	0,47
0,85	0,42
0,87	0,46
0,90	0,39
0,92	0,43
0,95	0,39
0,97	0,41
1,00	0,37
1,02	0,41
1,05	0,35
1,07	0,39
1,09	0,38
1,12	0,41
1,14	0,39
1,17	0,41
1,19	0,39
1,22	0,42
1,24	0,42
1,26	0,43
1,29	0,44
1,31	0,43
1,34	0,42
1,36	0,42
1,39	0,44
1,41	0,45
1,44	0,45
1,46	0,41
1,48	0,43
1,51	0,42
1,53	0,44
1,56	0,42
1,58	0,43
1,61	0,39
1,63	0,42
1,66	0,39
1,68	0,44
1,70	0,39
1,73	0,42
1,75	0,38
1,78	0,41
1,80	0,38
1,83	0,45
1,85	0,40
1,88	0,47
1,90	0,41
1,92	0,44
1,95	0,40
1,97	0,46
2,00	0,39
2,02	0,45
2,05	0,37
2,07	0,43
2,10	0,39
2,12	0,45
2,14	0,40
2,17	0,46
2,19	0,39
2,22	0,46
2,24	0,38
2,27	0,44
2,29	0,40
2,31	0,44
2,34	0,38
2,36	0,44
2,39	0,38
2,41	0,45
2,44	0,38
2,46	0,41
2,49	0,37
2,51	0,43
2,53	0,37
2,56	0,43
2,58	0,36
2,61	0,43
2,63	0,39
2,66	0,43
2,68	0,41
2,71	0,45
2,73	0,41
2,75	0,46
2,78	0,42
2,80	0,47
2,83	0,44
2,85	0,46
2,88	0,44
2,90	0,47
2,93	0,46
2,95	0,49
2,97	0,46
3,00	0,45
3,02	0,43
3,05	0,41
3,07	0,41
3,10	0,42
3,12	0,42
3,15	0,41
3,17	0,39
3,19	0,39
3,22	0,42
3,24	0,42
3,27	0,41
3,29	0,39
3,32	0,41
3,34	0,41
3,36	0,44
3,39	0,41
3,41	0,44
3,44	0,41
3,46	0,42
3,49	0,40
3,51	0,44
3,54	0,42
3,56	0,46
3,58	0,41
3,61	0,46
3,63	0,44
3,66	0,47
3,68	0,44
3,71	0,47
3,73	0,41
3,76	0,47
3,78	0,41
3,80	0,47
3,83	0,40
3,85	0,45
3,88	0,39
3,90	0,44
3,93	0,38
3,95	0,45
3,98	0,38
4,00	0,45
4,02	0,40
4,05	0,47
4,07	0,44
4,10	0,50
4,12	0,44
4,15	0,49
4,17	0,44
4,20	0,49
4,22	0,46
4,24	0,50
4,27	0,44
4,29	0,50
4,32	0,44
4,34	0,52
4,37	0,47
4,39	0,48
4,42	0,44
4,44	0,47
4,46	0,42
4,49	0,49
4,51	0,44
4,54	0,47
4,56	0,44
4,59	0,46
4,61	0,46
4,63	0,47
4,66	0,45
4,68	0,46
4,71	0,44
4,73	0,45
4,76	0,46
4,78	0,46
4,81	0,48
4,83	0,47
4,85	0,47
4,88	0,48
4,90	0,50
4,93	0,50
4,95	0,53
4,98	0,51
5,00	0,53
5,03	0,52
5,05	0,55
5,07	0,56
5,10	0,59
5,12	0,54
5,15	0,58
5,17	0,55
5,20	0,60
5,22	0,57
5,25	0,60
5,27	0,55
5,29	0,60
5,32	0,54
5,34	0,62
5,37	0,56
5,39	0,61
5,42	0,58
5,44	0,64
5,47	0,60
5,49	0,69
5,51	0,62
5,54	0,69
5,56	0,63
5,59	0,67
5,61	0,62
5,64	0,67
5,66	0,61
5,68	0,70
5,71	0,65
5,73	0,72
5,76	0,67
5,78	0,74
5,81	0,71
5,83	0,76
5,86	0,71
5,88	0,77
5,90	0,72
5,93	0,77
5,95	0,73
5,98	0,77
6,00	0,74
6,03	0,79
6,05	0,74
6,08	0,81
6,10	0,75
6,12	0,79
6,15	0,77
6,17	0,83
6,20	0,82
6,22	0,86
6,25	0,82
6,27	0,88
6,30	0,88
6,32	0,90
6,34	0,89
6,37	0,90
6,39	0,88
6,42	0,95
6,44	0,97
6,47	1,00
6,49	1,00
6,52	1,01
6,54	1,04
6,56	1,06
6,59	1,07
6,61	1,08
6,64	1,08
6,66	1,07
6,69	1,09
6,71	1,08
6,73	1,12
6,76	1,10
6,78	1,13
6,81	1,12
6,83	1,16
6,86	1,14
6,88	1,22
6,91	1,20
6,93	1,27
6,95	1,23
6,98	1,26
7,00	1,26
7,03	1,33
7,05	1,27
7,08	1,32
7,10	1,27
7,13	1,34
7,15	1,34
7,17	1,40
7,20	1,35
7,22	1,43
7,25	1,40
7,27	1,49
7,30	1,46
7,32	1,52
7,35	1,48
7,37	1,52
7,39	1,47
7,42	1,53
7,44	1,46
7,47	1,53
7,49	1,48
7,52	1,54
7,54	1,52
7,57	1,59
7,59	1,56
7,61	1,63
7,64	1,56
7,66	1,62
7,69	1,57
7,71	1,64
7,74	1,58
7,76	1,62
7,78	1,57
7,81	1,64
7,83	1,61
7,86	1,70
7,88	1,69
7,91	1,73
7,93	1,70
7,96	1,74
7,98	1,71
8,00	1,77
8,03	1,72
8,05	1,73
8,08	1,72
8,10	1,74
8,13	1,74
8,15	1,77
8,18	1,72
8,20	1,74
8,22	1,72
8,25	1,70
8,27	1,75
8,30	1,74
8,32	1,73
8,35	1,75
8,37	1,74
8,40	1,74
8,42	1,77
8,44	1,75
8,47	1,78
8,49	1,75
8,52	1,75
8,54	1,73
8,57	1,76
8,59	1,74
8,62	1,79
8,64	1,73
8,66	1,77
8,69	1,74
8,71	1,80
8,74	1,78
8,76	1,82
8,79	1,73
8,81	1,79
8,84	1,72
8,86	1,77
8,88	1,72
8,91	1,74
8,93	1,67
8,96	1,72
8,98	1,68
9,01	1,76
9,03	1,70
9,05	1,75
9,08	1,72
9,10	1,79
9,13	1,74
9,15	1,79
9,18	1,71
9,20	1,77
9,23	1,71
9,25	1,74
9,27	1,69
9,30	1,74
9,32	1,69
9,35	1,79
9,37	1,72
9,40	1,78
9,42	1,75
9,45	1,80
9,47	1,77
9,49	1,81
9,52	1,73
9,54	1,80
9,57	1,76
9,59	1,79
9,62	1,74
9,64	1,76
9,67	1,74
9,69	1,80
9,71	1,76
9,74	1,79
9,76	1,76
9,79	1,80
9,81	1,81
9,84	1,84
9,86	1,81
9,89	1,83
9,91	1,82
9,93	1,84
9,96	1,87
9,98	1,86
10,01	1,88
10,03	1,89
10,06	1,89
10,08	1,92
10,10	1,95
10,13	1,96
10,15	2,00
10,18	1,97
10,20	2,02
10,23	2,02
10,25	2,06
10,28	2,05
10,30	2,08
10,32	2,04
10,35	2,10
10,37	2,06
10,40	2,16
10,42	2,12
10,45	2,19
10,47	2,16
10,50	2,23
10,52	2,20
10,54	2,32
10,57	2,26
10,59	2,33
10,62	2,32
10,64	2,41
10,67	2,40
10,69	2,48
10,72	2,43
10,74	2,53
10,76	2,50
10,79	2,57
10,81	2,55
10,84	2,64
10,86	2,62
10,89	2,73
10,91	2,70
10,94	2,84
10,96	2,83
10,98	2,92
11,01	2,91
11,03	2,99
11,06	2,96
11,08	3,07
11,11	3,05
11,13	3,13
11,15	3,11
11,18	3,20
11,20	3,22
11,23	3,31
11,25	3,32
11,28	3,43
11,30	3,42
11,33	3,52
11,35	3,56
11,37	3,67
11,40	3,71
11,42	3,79
11,45	3,78
11,47	3,88
11,50	3,91
11,52	3,98
11,55	4,02
11,57	4,06
11,59	4,10
11,62	4,17
11,64	4,22
11,67	4,32
11,69	4,38
11,72	4,43
11,74	4,50
11,77	4,54
11,79	4,64
11,81	4,70
11,84	4,75
11,86	4,76
11,89	4,81
11,91	4,84
11,94	4,95
11,96	4,97
11,99	5,04
12,01	5,07
12,03	5,14
12,06	5,15
12,08	5,26
12,11	5,26
12,13	5,34
12,16	5,30
12,18	5,34
12,21	5,33
12,23	5,41
12,25	5,36
12,28	5,42
12,30	5,39
12,33	5,48
12,35	5,46
12,38	5,53
12,40	5,51
12,42	5,57
12,45	5,51
12,47	5,57
12,50	5,49
12,52	5,54
12,55	5,48
12,57	5,52
12,60	5,45
12,62	5,51
12,64	5,42
12,67	5,50
12,69	5,43
12,72	5,48
12,74	5,42
12,77	5,45
12,79	5,38
12,82	5,42
12,84	5,33
12,86	5,33
12,89	5,27
12,91	5,29
12,94	5,24
12,96	5,25
12,99	5,16
13,01	5,19
13,04	5,13
13,06	5,15
13,08	5,08
13,11	5,05
13,13	5,01
13,16	5,01
13,18	4,96
13,21	4,97
13,23	4,88
13,26	4,85
13,28	4,79
13,30	4,74
13,33	4,71
13,35	4,67
13,38	4,62
13,40	4,59
13,43	4,54
13,45	4,51
13,47	4,52
13,50	4,48
13,52	4,46
13,55	4,41
13,57	4,39
13,60	4,36
13,62	4,36
13,65	4,28
13,67	4,28
13,69	4,19
13,72	4,17
13,74	4,09
13,77	4,11
13,79	4,06
13,82	4,08
13,84	4,00
13,87	4,05
13,89	3,98
13,91	4,04
13,94	3,96
13,96	3,95
13,99	3,87
14,01	3,92
14,04	3,85
14,06	3,90
14,09	3,80
14,11	3,83
14,13	3,79
14,16	3,83
14,18	3,75
14,21	3,80
14,23	3,73
14,26	3,80
14,28	3,75
14,31	3,80
14,33	3,74
14,35	3,81
14,38	3,76
14,40	3,84
14,43	3,79
14,45	3,86
14,48	3,82
14,50	3,89
14,52	3,85
14,55	3,92
14,57	3,88
14,60	4,00
14,62	3,95
14,65	4,01
14,67	3,99
14,70	4,03
14,72	4,01
14,74	4,09
14,77	4,06
14,79	4,14
14,82	4,11
14,84	4,18
14,87	4,24
14,89	4,31
14,92	4,32
14,94	4,38
14,96	4,38
14,99	4,46
15,01	4,51
15,04	4,56
15,06	4,61
15,09	4,65
15,11	4,70
15,14	4,79
15,16	4,86
15,18	4,93
15,21	4,99
15,23	5,03
15,26	5,13
15,28	5,18
15,31	5,25
15,33	5,33
15,36	5,42
15,38	5,46
15,40	5,57
15,43	5,58
15,45	5,71
15,48	5,77
15,50	5,89
15,53	5,91
15,55	6,03
15,57	6,06
15,60	6,24
15,62	6,28
15,65	6,42
15,67	6,45
15,70	6,60
15,72	6,67
15,75	6,82
15,77	6,82
15,79	6,98
15,82	7,03
15,84	7,20
15,87	7,28
15,89	7,43
15,92	7,49
15,94	7,69
15,97	7,76
15,99	7,95
16,01	8,01
16,04	8,16
16,06	8,25
16,09	8,43
16,11	8,48
16,14	8,66
16,16	8,73
16,19	8,91
16,21	9,00
16,23	9,18
16,26	9,28
16,28	9,47
16,31	9,56
16,33	9,77
16,36	9,84
16,38	10,01
16,41	10,11
16,43	10,29
16,45	10,41
16,48	10,59
16,50	10,66
16,53	10,87
16,55	11,04
16,58	11,23
16,60	11,39
16,63	11,55
16,65	11,67
16,67	11,86
16,70	11,98
16,72	12,12
16,75	12,25
16,77	12,33
16,80	12,45
16,82	12,57
16,84	12,70
16,87	12,84
16,89	12,96
16,92	13,04
16,94	13,18
16,97	13,26
16,99	13,40
17,02	13,45
17,04	13,55
17,06	13,58
17,09	13,66
17,11	13,66
17,14	13,74
17,16	13,73
17,19	13,80
17,21	13,76
17,24	13,79
17,26	13,77
17,28	13,83
17,31	13,77
17,33	13,81
17,36	13,69
17,38	13,70
17,41	13,63
17,43	13,65
17,46	13,54
17,48	13,53
17,50	13,39
17,53	13,41
17,55	13,28
17,58	13,25
17,60	13,10
17,63	13,06
17,65	12,89
17,68	12,85
17,70	12,66
17,72	12,63
17,75	12,43
17,77	12,38
17,80	12,21
17,82	12,17
17,85	11,98
17,87	11,92
17,89	11,71
17,92	11,65
17,94	11,45
17,97	11,35
17,99	11,14
18,02	11,05
18,04	10,84
18,07	10,76
18,09	10,57
18,11	10,50
18,14	10,33
18,16	10,23
18,19	10,06
18,21	9,97
18,24	9,80
18,26	9,72
18,29	9,55
18,31	9,45
18,33	9,27
18,36	9,15
18,38	9,01
18,41	8,92
18,43	8,75
18,46	8,65
18,48	8,49
18,51	8,42
18,53	8,35
18,55	8,26
18,58	8,16
18,60	8,07
18,63	7,96
18,65	7,87
18,68	7,80
18,70	7,68
18,73	7,61
18,75	7,49
18,77	7,42
18,80	7,36
18,82	7,34
18,85	7,27
18,87	7,25
18,90	7,16
18,92	7,15
18,94	7,08
18,97	7,08
18,99	7,01
19,02	7,00
19,04	6,91
19,07	6,95
19,09	6,88
19,12	6,92
19,14	6,85
19,16	6,88
19,19	6,82
19,21	6,86
19,24	6,81
19,26	6,90
19,29	6,85
19,31	6,92
19,34	6,89
19,36	6,97
19,38	6,96
19,41	7,07
19,43	7,04
19,46	7,15
19,48	7,14
19,51	7,24
19,53	7,25
19,56	7,35
19,58	7,35
19,60	7,46
19,63	7,45
19,65	7,58
19,68	7,62
19,70	7,72
19,73	7,76
19,75	7,88
19,78	7,92
19,80	8,07
19,82	8,13
19,85	8,24
19,87	8,28
19,90	8,39
19,92	8,47
19,95	8,59
19,97	8,67
19,99	8,80
20,02	8,90
20,04	9,05
20,07	9,19
20,09	9,35
20,12	9,50
20,14	9,63
20,17	9,74
20,19	9,86
20,21	10,01
20,24	10,14
20,26	10,30
20,29	10,41
20,31	10,54
20,34	10,68
20,36	10,89
20,39	11,04
20,41	11,25
20,43	11,36
20,46	11,58
20,48	11,74
20,51	11,97
20,53	12,09
20,56	12,30
20,58	12,39
20,61	12,61
20,63	12,73
20,65	13,00
20,68	13,11
20,70	13,38
20,73	13,54
20,75	13,83
20,78	13,99
20,80	14,30
20,83	14,45
20,85	14,76
20,87	14,94
20,90	15,20
20,92	15,35
20,95	15,62
20,97	15,78
21,00	16,07
21,02	16,22
21,05	16,49
21,07	16,70
21,09	17,01
21,12	17,24
21,14	17,56
21,17	17,76
21,19	18,08
21,22	18,29
21,24	18,58
21,26	18,78
21,29	19,05
21,31	19,28
21,34	19,57
21,36	19,78
21,39	20,10
21,41	20,35
21,44	20,69
21,46	20,97
21,48	21,29
21,51	21,56
21,53	21,89
21,56	22,14
21,58	22,42
21,61	22,65
21,63	22,91
21,66	23,11
21,68	23,36
21,70	23,56
21,73	23,80
21,75	24,03
21,78	24,29
21,80	24,50
21,83	24,72
21,85	24,90
21,88	25,08
21,90	25,27
21,92	25,44
21,95	25,55
21,97	25,65
22,00	25,76
22,02	25,85
22,05	25,96
22,07	26,00
22,10	26,05
22,12	26,10
22,14	26,15
22,17	26,14
22,19	26,21
22,22	26,15
22,24	26,15
22,27	26,04
22,29	25,97
22,31	25,85
22,34	25,81
22,36	25,62
22,39	25,57
22,41	25,36
22,44	25,29
22,46	25,13
22,49	25,05
22,51	24,85
22,53	24,74
22,56	24,46
22,58	24,34
22,61	24,05
22,63	23,93
22,66	23,67
22,68	23,51
22,71	23,21
22,73	23,07
22,75	22,76
22,78	22,62
22,80	22,25
22,83	22,03
22,85	21,66
22,88	21,46
22,90	21,10
22,93	20,89
22,95	20,50
22,97	20,32
23,00	19,97
23,02	19,80
23,05	19,48
23,07	19,28
23,10	18,91
23,12	18,72
23,15	18,35
23,17	18,12
23,19	17,79
23,22	17,53
23,24	17,17
23,27	16,94
23,29	16,62
23,32	16,44
23,34	16,17
23,36	15,94
23,39	15,68
23,41	15,50
23,44	15,28
23,46	15,12
23,49	14,88
23,51	14,68
23,54	14,45
23,56	14,29
23,58	14,12
23,61	13,95
23,63	13,76
23,66	13,62
23,68	13,46
23,71	13,33
23,73	13,20
23,76	13,07
23,78	12,98
23,80	12,85
23,83	12,73
23,85	12,62
23,88	12,55
23,90	12,46
23,93	12,43
23,95	12,31
23,98	12,28
24,00	12,20
24,02	12,21
24,05	12,18
24,07	12,19
24,10	12,09
24,12	12,13
24,15	12,07
24,17	12,13
24,20	12,08
24,22	12,13
24,24	12,09
24,27	12,19
24,29	12,18
24,32	12,32
24,34	12,32
24,37	12,44
24,39	12,45
24,42	12,58
24,44	12,61
24,46	12,74
24,49	12,76
24,51	12,90
24,54	12,96
24,56	13,11
24,59	13,19
24,61	13,36
24,63	13,44
24,66	13,64
24,68	13,76
24,71	13,96
24,73	14,05
24,76	14,25
24,78	14,37
24,81	14,58
24,83	14,72
24,85	14,93
24,88	15,05
24,90	15,29
24,93	15,44
24,95	15,67
24,98	15,86
25,00	16,10
25,03	16,30
25,05	16,57
25,07	16,75
25,10	16,98
25,12	17,20
25,15	17,43
25,17	17,64
25,20	17,86
25,22	18,06
25,25	18,31
25,27	18,62
25,29	18,87
25,32	19,16
25,34	19,41
25,37	19,70
25,39	19,98
25,42	20,26
25,44	20,49
25,47	20,78
25,49	20,98
25,51	21,32
25,54	21,55
25,56	21,90
25,59	22,20
25,61	22,55
25,64	22,80
25,66	23,19
25,68	23,46
25,71	23,89
25,73	24,17
25,76	24,59
25,78	24,84
25,81	25,24
25,83	25,51
25,86	25,93
25,88	26,16
25,90	26,55
25,93	26,83
25,95	27,31
25,98	27,65
26,00	28,12
26,03	28,46
26,05	28,94
26,08	29,29
26,10	29,78
26,12	30,07
26,15	30,48
26,17	30,76
26,20	31,18
26,22	31,48
26,25	31,92
26,27	32,21
26,30	32,70
26,32	33,12
26,34	33,60
26,37	33,99
26,39	34,49
26,42	34,87
26,44	35,36
26,47	35,64
26,49	36,01
26,52	36,33
26,54	36,74
26,56	37,04
26,59	37,46
26,61	37,76
26,64	38,25
26,66	38,63
26,69	39,07
26,71	39,42
26,73	39,81
26,76	40,08
26,78	40,44
26,81	40,72
26,83	41,01
26,86	41,24
26,88	41,46
26,91	41,64
26,93	41,85
26,95	41,99
26,98	42,20
27,00	42,38
27,03	42,50
27,05	42,64
27,08	42,74
27,10	42,87
27,13	42,96
27,15	42,98
27,17	42,95
27,20	42,99
27,22	42,94
27,25	42,99
27,27	42,89
27,30	42,87
27,32	42,74
27,35	42,67
27,37	42,51
27,39	42,44
27,42	42,25
27,44	42,15
27,47	41,89
27,49	41,74
27,52	41,52
27,54	41,38
27,57	41,10
27,59	40,93
27,61	40,58
27,64	40,39
27,66	40,07
27,69	39,85
27,71	39,51
27,74	39,25
27,76	38,80
27,78	38,55
27,81	38,04
27,83	37,75
27,86	37,30
27,88	36,98
27,91	36,52
27,93	36,24
27,96	35,77
27,98	35,52
28,00	35,01
28,03	34,64
28,05	34,09
28,08	33,73
28,10	33,19
28,13	32,84
28,15	32,26
28,18	31,90
28,20	31,40
28,22	31,12
28,25	30,67
28,27	30,35
28,30	29,88
28,32	29,59
28,35	29,18
28,37	28,90
28,40	28,41
28,42	28,03
28,44	27,62
28,47	27,28
28,49	26,88
28,52	26,54
28,54	26,10
28,57	25,81
28,59	25,48
28,62	25,19
28,64	24,92
28,66	24,67
28,69	24,39
28,71	24,19
28,74	23,90
28,76	23,63
28,79	23,42
28,81	23,20
28,84	23,01
28,86	22,80
28,88	22,60
28,91	22,45
28,93	22,35
28,96	22,21
28,98	22,13
29,01	21,97
29,03	21,91
29,05	21,81
29,08	21,80
29,10	21,72
29,13	21,71
29,15	21,60
29,18	21,70
29,20	21,64
29,23	21,71
29,25	21,66
29,27	21,71
29,30	21,70
29,32	21,81
29,35	21,77
29,37	21,91
29,40	21,90
29,42	22,04
29,45	22,08
29,47	22,24
29,49	22,29
29,52	22,50
29,54	22,58
29,57	22,80
29,59	22,92
29,62	23,13
29,64	23,22
29,67	23,45
29,69	23,56
29,71	23,80
29,74	23,90
29,76	24,15
29,79	24,34
29,81	24,63
29,84	24,84
29,86	25,15
29,89	25,37
29,91	25,74
29,93	25,98
29,96	26,25
29,98	26,47
30,01	26,78
30,03	27,00
30,06	27,32
30,08	27,55
30,10	27,87
30,13	28,16
30,15	28,51
30,18	28,85
30,20	29,25
30,23	29,60
30,25	29,99
30,28	30,34
30,30	30,67
30,32	31,04
30,35	31,38
30,37	31,73
30,40	32,05
30,42	32,43
30,45	32,79
30,47	33,27
30,50	33,71
30,52	34,18
30,54	34,58
30,57	35,11
30,59	35,55
30,62	36,10
30,64	36,55
30,67	37,01
30,69	37,33
30,72	37,82
30,74	38,17
30,76	38,67
30,79	39,04
30,81	39,57
30,84	40,02
30,86	40,63
30,89	41,09
30,91	41,72
30,94	42,19
30,96	42,81
30,98	43,32
31,01	43,89
31,03	44,33
31,06	44,89
31,08	45,30
31,11	45,88
31,13	46,33
31,15	46,86
31,18	47,40
31,20	48,03
31,23	48,55
31,25	49,06
31,28	49,39
31,30	49,69
31,33	49,88
31,35	49,98
31,37	50,00
31,40	50,00
31,42	50,00
31,45	50,00
31,47	50,00
31,50	50,00
31,52	50,00
31,55	50,00
31,57	50,00
31,59	50,00
31,62	50,00
31,64	50,00
31,67	50,00
31,69	50,00
31,72	50,00
31,74	50,00
31,77	50,00
31,79	50,00
31,81	50,00
31,84	50,00
31,86	50,00
31,89	50,00
31,91	50,00
31,94	50,00
31,96	50,00
31,99	50,00
32,01	50,00
32,03	50,00
32,06	50,00
32,08	50,00
32,11	50,00
32,13	50,00
32,16	50,00
32,18	50,00
32,20	50,00
32,23	50,00
32,25	50,00
32,28	50,00
32,30	50,00
32,33	50,00
32,35	50,00
32,38	50,00
32,40	50,00
32,42	50,00
32,45	50,00
32,47	50,00
32,50	50,00
32,52	50,00
32,55	50,00
32,57	50,00
32,60	50,00
32,62	50,00
32,64	50,00
32,67	50,00
32,69	50,00
32,72	50,00
32,74	50,00
32,77	50,00
32,79	50,00
32,82	50,00
32,84	50,00
32,86	50,00
32,89	50,00
32,91	50,00
32,94	50,00
32,96	50,00
32,99	50,00
33,01	50,00
33,04	50,00
33,06	50,00
33,08	50,00
33,11	50,00
33,13	50,00
33,16	50,00
33,18	50,00
33,21	50,00
33,23	50,00
33,26	50,00
33,28	50,00
33,30	50,00
33,33	50,00
33,35	50,00
33,38	50,00
33,40	49,90
33,43	49,79
33,45	49,59
33,47	49,37
33,50	49,04
33,52	48,66
33,55	48,19
33,57	47,83
33,60	47,30
33,62	46,86
33,65	46,34
33,67	45,91
33,69	45,51
33,72	45,10
33,74	44,66
33,77	44,32
33,79	43,97
33,82	43,66
33,84	43,38
33,87	43,07
33,89	42,83
33,91	42,55
33,94	42,33
33,96	42,07
33,99	41,89
34,01	41,62
34,04	41,46
34,06	41,19
34,09	41,05
34,11	40,86
34,13	40,76
34,16	40,58
34,18	40,52
34,21	40,34
34,23	40,36
34,26	40,26
34,28	40,29
34,31	40,22
34,33	40,26
34,35	40,19
34,38	40,30
34,40	40,26
34,43	40,37
34,45	40,37
34,48	40,50
34,50	40,52
34,52	40,69
34,55	40,72
34,57	40,93
34,60	41,02
34,62	41,24
34,65	41,38
34,67	41,66
34,70	41,83
34,72	42,15
34,74	42,34
34,77	42,69
34,79	42,91
34,82	43,29
34,84	43,56
34,87	43,90
34,89	44,14
34,92	44,49
34,94	44,74
34,96	45,15
34,99	45,47
35,01	45,84
35,04	46,19
35,06	46,65
35,09	47,08
35,11	47,61
35,14	48,02
35,16	48,46
35,18	48,85
35,21	49,26
35,23	49,55
35,26	49,76
35,28	49,87
35,31	49,96
35,33	49,98
35,36	50,00
35,38	50,00
35,40	50,00
35,43	50,00
35,45	50,00
35,48	50,00
35,50	50,00
35,53	50,00
35,55	50,00
35,57	50,00
35,60	50,00
35,62	50,00
35,65	50,00
35,67	50,00
35,70	50,00
35,72	50,00
35,75	50,00
35,77	50,00
35,79	50,00
35,82	50,00
35,84	50,00
35,87	50,00
35,89	50,00
35,92	50,00
35,94	50,00
35,97	50,00
35,99	50,00
36,01	50,00
36,04	50,00
36,06	50,00
36,09	50,00
36,11	50,00
36,14	50,00
36,16	50,00
36,19	50,00
36,21	50,00
36,23	50,00
36,26	50,00
36,28	50,00
36,31	50,00
36,33	50,00
36,36	50,00
36,38	50,00
36,41	50,00
36,43	50,00
36,45	50,00
36,48	50,00
36,50	50,00
36,53	50,00
36,55	50,00
36,58	50,00
36,60	50,00
36,62	50,00
36,65	50,00
36,67	50,00
36,70	50,00
36,72	50,00
36,75	50,00
36,77	50,00
36,80	50,00
36,82	50,00
36,84	50,00
36,87	50,00
36,89	50,00
36,92	50,00
36,94	50,00
36,97	50,00
36,99	50,00
37,02	50,00
37,04	50,00
37,06	50,00
37,09	50,00
37,11	50,00
37,14	50,00
37,16	50,00
37,19	50,00
37,21	50,00
37,24	50,00
37,26	50,00
37,28	50,00
37,31	50,00
37,33	50,00
37,36	50,00
37,38	50,00
37,41	50,00
37,43	50,00
37,46	50,00
37,48	50,00
37,50	50,00
37,53	50,00
37,55	50,00
37,58	50,00
37,60	50,00
37,63	50,00
37,65	50,00
37,68	50,00
37,70	50,00
37,72	50,00
37,75	50,00
37,77	50,00
37,80	50,00
37,82	50,00
37,85	50,00
37,87	50,00
37,89	50,00
37,92	50,00
37,94	50,00
37,97	50,00
37,99	50,00
38,02	50,00
38,04	50,00
38,07	50,00
38,09	50,00
38,11	50,00
38,14	50,00
38,16	50,00
38,19	50,00
38,21	50,00
38,24	50,00
38,26	50,00
38,29	50,00
38,31	50,00
38,33	50,00
38,36	50,00
38,38	50,00
38,41	50,00
38,43	50,00
38,46	50,00
38,48	50,00
38,51	50,00
38,53	50,00
38,55	50,00
38,58	50,00
38,60	50,00
38,63	50,00
38,65	50,00
38,68	50,00
38,70	50,00
38,73	50,00
38,75	50,00
38,77	50,00
38,80	50,00
38,82	50,00
38,85	50,00
38,87	50,00
38,90	50,00
38,92	50,00
38,94	50,00
38,97	50,00
38,99	50,00
39,02	50,00
39,04	50,00
39,07	50,00
39,09	50,00
39,12	50,00
39,14	50,00
39,16	50,00
39,19	50,00
39,21	50,00
39,24	50,00
39,26	50,00
39,29	50,00
39,31	50,00
39,34	50,00
39,36	50,00
39,38	50,00
39,41	50,00
39,43	50,00
39,46	50,00
39,48	50,00
39,51	50,00
39,53	50,00
39,56	50,00
39,58	50,00
39,60	50,00
39,63	50,00
39,65	50,00
39,68	50,00
39,70	50,00
39,73	50,00
39,75	50,00
39,78	50,00
39,80	50,00
39,82	50,00
39,85	50,00
39,87	50,00
39,90	50,00
39,92	50,00
39,95	50,00
39,97	50,00
39,99	50,00
40,02	50,00
40,04	50,00
40,07	50,00
40,09	50,00
40,12	50,00
40,14	50,00
40,17	50,00
40,19	50,00
40,21	50,00
40,24	50,00
40,26	50,00
40,29	50,00
40,31	50,00
40,34	50,00
40,36	50,00
40,39	50,00
40,41	50,00
40,43	50,00
40,46	50,00
40,48	50,00
40,51	50,00
40,53	50,00
40,56	50,00
40,58	50,00
40,61	50,00
40,63	50,00
40,65	50,00
40,68	50,00
40,70	50,00
40,73	50,00
40,75	50,00
40,78	50,00
40,80	50,00
40,83	50,00
40,85	50,00
40,87	50,00
40,90	50,00
40,92	50,00
40,95	50,00
40,97	50,00
41,00	50,00
41,02	50,00
41,05	50,00
41,07	50,00
41,09	50,00
41,12	50,00
41,14	50,00
41,17	50,00
41,19	50,00
41,22	50,00
41,24	50,00
41,26	50,00
41,29	50,00
41,31	50,00
41,34	50,00
41,36	50,00
41,39	50,00
41,41	50,00
41,44	50,00
41,46	50,00
41,48	50,00
41,51	50,00
41,53	50,00
41,56	50,00
41,58	50,00
41,61	50,00
41,63	50,00
41,66	50,00
41,68	50,00
41,70	50,00
41,73	50,00
41,75	50,00
41,78	50,00
41,80	50,00
41,83	50,00
41,85	50,00
41,88	50,00
41,90	50,00
41,92	50,00
41,95	50,00
41,97	50,00
42,00	50,00
42,02	50,00
42,05	50,00
42,07	50,00
42,10	50,00
42,12	50,00
42,14	50,00
42,17	50,00
42,19	50,00
42,22	50,00
42,24	50,00
42,27	50,00
42,29	50,00
42,31	50,00
42,34	50,00
42,36	50,00
42,39	50,00
42,41	50,00
42,44	50,00
42,46	50,00
42,49	50,00
42,51	50,00
42,53	50,00
42,56	50,00
42,58	50,00
42,61	50,00
42,63	50,00
42,66	50,00
42,68	50,00
42,71	50,00
42,73	50,00
42,75	50,00
42,78	50,00
42,80	50,00
42,83	50,00
42,85	50,00
42,88	50,00
42,90	50,00
42,93	50,00
42,95	50,00
42,97	50,00
43,00	50,00
43,02	50,00
43,05	50,00
43,07	50,00
43,10	50,00
43,12	50,00
43,15	50,00
43,17	50,00
43,19	50,00
43,22	50,00
43,24	50,00
43,27	50,00
43,29	50,00
43,32	50,00
43,34	50,00
43,36	50,00
43,39	50,00
43,41	50,00
43,44	50,00
43,46	50,00
43,49	50,00
43,51	50,00
43,54	50,00
43,56	50,00
43,58	50,00
43,61	50,00
43,63	50,00
43,66	50,00
43,68	50,00
43,71	50,00
43,73	50,00
43,76	50,00
43,78	50,00
43,80	50,00
43,83	50,00
43,85	50,00
43,88	50,00
43,90	50,00
43,93	50,00
43,95	50,00
43,98	50,00
44,00	50,00
44,02	50,00
44,05	50,00
44,07	50,00
44,10	50,00
44,12	50,00
44,15	50,00
44,17	50,00
44,20	50,00
44,22	50,00
44,24	50,00
44,27	50,00
44,29	50,00
44,32	50,00
44,34	50,00
44,37	50,00
44,39	50,00
44,41	50,00
44,44	50,00
44,46	50,00
44,49	50,00
44,51	50,00
44,54	50,00
44,56	50,00
44,59	50,00
44,61	50,00
44,63	50,00
44,66	50,00
44,68	50,00
44,71	50,00
44,73	50,00
44,76	50,00
44,78	50,00
44,81	50,00
44,83	50,00
44,85	50,00
44,88	50,00
44,90	50,00
44,93	50,00
44,95	50,00
44,98	50,00
45,00	50,00
45,03	50,00
45,05	50,00
45,07	50,00
45,10	50,00
45,12	50,00
45,15	50,00
45,17	50,00
45,20	50,00
45,22	50,00
45,25	50,00
45,27	50,00
45,29	50,00
45,32	50,00
45,34	50,00
45,37	50,00
45,39	50,00
45,42	50,00
45,44	50,00
45,47	50,00
45,49	50,00
45,51	50,00
45,54	50,00
45,56	50,00
45,59	50,00
45,61	50,00
45,64	50,00
45,66	50,00
45,68	50,00
45,71	50,00
45,73	50,00
45,76	50,00
45,78	50,00
45,81	50,00
45,83	50,00
45,86	50,00
45,88	50,00
45,90	50,00
45,93	50,00
45,95	50,00
45,98	50,00
46,00	50,00
46,03	50,00
46,05	50,00
46,08	50,00
46,10	50,00
46,12	50,00
46,15	50,00
46,17	50,00
46,20	50,00
46,22	50,00
46,25	50,00
46,27	50,00
46,30	50,00
46,32	50,00
46,34	50,00
46,37	50,00
46,39	50,00
46,42	50,00
46,44	50,00
46,47	50,00
46,49	50,00
46,52	50,00
46,54	50,00
46,56	50,00
46,59	50,00
46,61	50,00
46,64	50,00
46,66	50,00
46,69	50,00
46,71	50,00
46,73	50,00
46,76	50,00
46,78	50,00
46,81	50,00
46,83	50,00
46,86	50,00
46,88	50,00
46,91	50,00
46,93	50,00
46,95	50,00
46,98	50,00
47,00	50,00
47,03	50,00
47,05	50,00
47,08	50,00
47,10	50,00
47,13	50,00
47,15	50,00
47,17	50,00
47,20	50,00
47,22	50,00
47,25	50,00
47,27	50,00
47,30	50,00
47,32	50,00
47,35	50,00
47,37	50,00
47,39	50,00
47,42	50,00
47,44	50,00
47,47	50,00
47,49	50,00
47,52	50,00
47,54	50,00
47,57	50,00
47,59	50,00
47,61	50,00
47,64	50,00
47,66	50,00
47,69	50,00
47,71	50,00
47,74	50,00
47,76	50,00
47,78	50,00
47,81	50,00
47,83	50,00
47,86	50,00
47,88	50,00
47,91	50,00
47,93	50,00
47,96	50,00
47,98	50,00
48,00	50,00
48,03	50,00
48,05	50,00
48,08	50,00
48,10	50,00
48,13	50,00
48,15	50,00
48,18	50,00
48,20	50,00
48,22	50,00
48,25	50,00
48,27	50,00
48,30	50,00
48,32	50,00
48,35	50,00
48,37	50,00
48,40	50,00
48,42	50,00
48,44	50,00
48,47	50,00
48,49	50,00
48,52	50,00
48,54	50,00
48,57	50,00
48,59	50,00
48,62	50,00
48,64	50,00
48,66	50,00
48,69	50,00
48,71	50,00
48,74	50,00
48,76	50,00
48,79	50,00
48,81	50,00
48,84	50,00
48,86	50,00
48,88	50,00
48,91	50,00
48,93	50,00
48,96	50,00
48,98	50,00
49,01	50,00
49,03	50,00
49,05	50,00
49,08	50,00
49,10	50,00
49,13	50,00
49,15	50,00
49,18	50,00
49,20	50,00
49,23	50,00
49,25	50,00
49,27	50,00
49,30	50,00
49,32	50,00
49,35	50,00
49,37	50,00
49,40	50,00
49,42	50,00
49,45	50,00
49,47	50,00
49,49	50,00
49,52	50,00
49,54	50,00
49,57	50,00
49,59	50,00
49,62	50,00
49,64	50,00
49,67	50,00
49,69	50,00
49,71	50,00
49,74	50,00
49,76	50,00
49,79	50,00
49,81	50,00
49,84	50,00
49,86	50,00
49,89	50,00
49,91	50,00
49,93	50,00
49,96	50,00
49,98	50,00
50,01	50,00
50,03	50,00
50,06	50,00
50,08	50,00
50,10	50,00
50,13	50,00
50,15	50,00
50,18	50,00
50,20	50,00
50,23	50,00
50,25	50,00
50,28	50,00
50,30	50,00
50,32	50,00
50,35	50,00
50,37	50,00
50,40	50,00
50,42	50,00
50,45	50,00
50,47	50,00
50,50	50,00
50,52	50,00
50,54	50,00
50,57	50,00
50,59	50,00
50,62	50,00
50,64	50,00
50,67	50,00
50,69	50,00
50,72	50,00
50,74	50,00
50,76	50,00
50,79	50,00
50,81	50,00
50,84	50,00
50,86	50,00
50,89	50,00
50,91	50,00
50,94	50,00
50,96	50,00
50,98	50,00
51,01	50,00
51,03	50,00
51,06	50,00
51,08	50,00
51,11	50,00
51,13	50,00
51,15	50,00
51,18	50,00
51,20	50,00
51,23	50,00
51,25	50,00
51,28	50,00
51,30	50,00
51,33	50,00
51,35	50,00
51,37	50,00
51,40	50,00
51,42	50,00
51,45	50,00
51,47	50,00
51,50	50,00
51,52	50,00
51,55	50,00
51,57	50,00
51,59	50,00
51,62	50,00
51,64	50,00
51,67	50,00
51,69	50,00
51,72	50,00
51,74	50,00
51,77	50,00
51,79	50,00
51,81	50,00
51,84	50,00
51,86	50,00
51,89	50,00
51,91	50,00
51,94	50,00
51,96	50,00
51,99	50,00
52,01	50,00
52,03	50,00
52,06	50,00
52,08	50,00
52,11	50,00
52,13	50,00
52,16	50,00
52,18	50,00
52,20	50,00
52,23	50,00
52,25	50,00
52,28	50,00
52,30	50,00
52,33	50,00
52,35	50,00
52,38	50,00
52,40	50,00
52,42	50,00
52,45	50,00
52,47	50,00
52,50	50,00
52,52	50,00
52,55	50,00
52,57	50,00
52,60	50,00
52,62	50,00
52,64	50,00
52,67	50,00
52,69	50,00
52,72	50,00
52,74	50,00
52,77	50,00
52,79	50,00
52,82	50,00
52,84	50,00
52,86	50,00
52,89	50,00
52,91	50,00
52,94	50,00
52,96	50,00
52,99	50,00
53,01	50,00
53,04	50,00
53,06	50,00
53,08	50,00
53,11	50,00
53,13	50,00
53,16	50,00
53,18	50,00
53,21	50,00
53,23	50,00
53,26	50,00
53,28	50,00
53,30	50,00
53,33	50,00
53,35	50,00
53,38	50,00
53,40	50,00
53,43	50,00
53,45	50,00
53,47	50,00
53,50	50,00
53,52	50,00
53,55	50,00
53,57	50,00
53,60	50,00
53,62	50,00
53,65	50,00
53,67	50,00
53,69	50,00
53,72	50,00
53,74	50,00
53,77	50,00
53,79	50,00
53,82	50,00
53,84	50,00
53,87	50,00
53,89	50,00
53,91	50,00
53,94	50,00
53,96	50,00
53,99	50,00
54,01	50,00
54,04	50,00
54,06	50,00
54,09	50,00
54,11	50,00
54,13	50,00
54,16	50,00
54,18	50,00
54,21	50,00
54,23	50,00
54,26	50,00
54,28	50,00
54,31	50,00
54,33	50,00
54,35	50,00
54,38	50,00
54,40	50,00
54,43	50,00
54,45	50,00
54,48	50,00
54,50	50,00
54,52	50,00
54,55	50,00
54,57	50,00
54,60	50,00
54,62	50,00
54,65	50,00
54,67	50,00
54,70	50,00
54,72	50,00
54,74	50,00
54,77	50,00
54,79	50,00
54,82	50,00
54,84	50,00
54,87	50,00
54,89	50,00
54,92	50,00
54,94	50,00
54,96	50,00
54,99	50,00
55,01	50,00
55,04	50,00
55,06	50,00
55,09	50,00
55,11	50,00
55,14	50,00
55,16	50,00
55,18	50,00
55,21	50,00
55,23	50,00
55,26	50,00
55,28	50,00
55,31	50,00
55,33	50,00
55,36	50,00
55,38	50,00
55,40	50,00
55,43	50,00
55,45	50,00
55,48	50,00
55,50	50,00
55,53	50,00
55,55	50,00
55,57	50,00
55,60	50,00
55,62	50,00
55,65	50,00
55,67	50,00
55,70	50,00
55,72	50,00
55,75	50,00
55,77	50,00
