Voltage U1	Corriente IA
U1/V	IA/nA

0,02	0,43
0,04	0,44
0,07	0,52
0,09	0,51
0,12	0,56
0,14	0,50
0,17	0,55
0,19	0,48
0,21	0,54
0,24	0,46
0,26	0,53
0,29	0,47
0,31	0,56
0,34	0,54
0,36	0,61
0,39	0,55
0,41	0,59
0,43	0,54
0,46	0,63
0,48	0,57
0,51	0,58
0,53	0,53
0,56	0,54
0,58	0,51
0,61	0,56
0,63	0,50
0,65	0,53
0,68	0,50
0,70	0,52
0,73	0,54
0,75	0,56
0,78	0,53
0,80	0,54
0,83	0,53
0,85	0,54
0,87	0,54
0,90	0,54
0,92	0,55
0,95	0,54
0,97	0,54
1,00	0,54
1,02	0,55
1,05	0,54
1,07	0,58
1,09	0,56
1,12	0,58
1,14	0,55
1,17	0,58
1,19	0,60
1,22	0,64
1,24	0,57
1,26	0,60
1,29	0,53
1,31	0,59
1,34	0,55
1,36	0,55
1,39	0,49
1,41	0,54
1,44	0,50
1,46	0,58
1,48	0,52
1,51	0,56
1,53	0,53
1,56	0,60
1,58	0,56
1,61	0,62
1,63	0,57
1,66	0,61
1,68	0,55
1,70	0,59
1,73	0,53
1,75	0,56
1,78	0,51
1,80	0,58
1,83	0,54
1,85	0,60
1,88	0,54
1,90	0,58
1,92	0,54
1,95	0,59
1,97	0,53
2,00	0,59
2,02	0,54
2,05	0,57
2,07	0,53
2,10	0,55
2,12	0,51
2,14	0,54
2,17	0,50
2,19	0,52
2,22	0,48
2,24	0,51
2,27	0,52
2,29	0,55
2,31	0,53
2,34	0,54
2,36	0,53
2,39	0,55
2,41	0,54
2,44	0,54
2,46	0,55
2,49	0,53
2,51	0,54
2,53	0,57
2,56	0,59
2,58	0,59
2,61	0,61
2,63	0,56
2,66	0,59
2,68	0,56
2,71	0,57
2,73	0,55
2,75	0,57
2,78	0,49
2,80	0,53
2,83	0,47
2,85	0,53
2,88	0,48
2,90	0,52
2,93	0,46
2,95	0,54
2,97	0,49
3,00	0,58
3,02	0,52
3,05	0,57
3,07	0,51
3,10	0,58
3,12	0,54
3,15	0,60
3,17	0,52
3,19	0,59
3,22	0,51
3,24	0,58
3,27	0,53
3,29	0,57
3,32	0,50
3,34	0,55
3,36	0,49
3,39	0,57
3,41	0,51
3,44	0,55
3,46	0,51
3,49	0,54
3,51	0,49
3,54	0,55
3,56	0,50
3,58	0,55
3,61	0,49
3,63	0,52
3,66	0,52
3,68	0,56
3,71	0,53
3,73	0,58
3,76	0,51
3,78	0,56
3,80	0,53
3,83	0,55
3,85	0,54
3,88	0,54
3,90	0,49
3,93	0,54
3,95	0,53
3,98	0,55
4,00	0,56
4,02	0,54
4,05	0,54
4,07	0,54
4,10	0,54
4,12	0,57
4,15	0,58
4,17	0,52
4,20	0,55
4,22	0,52
4,24	0,56
4,27	0,55
4,29	0,57
4,32	0,52
4,34	0,56
4,37	0,52
4,39	0,59
4,42	0,55
4,44	0,59
4,46	0,55
4,49	0,59
4,51	0,55
4,54	0,61
4,56	0,55
4,59	0,60
4,61	0,54
4,63	0,59
4,66	0,55
4,68	0,61
4,71	0,55
4,73	0,62
4,76	0,55
4,78	0,60
4,81	0,58
4,83	0,63
4,85	0,60
4,88	0,65
4,90	0,58
4,93	0,64
4,95	0,56
4,98	0,57
5,00	0,52
5,03	0,56
5,05	0,51
5,07	0,57
5,10	0,52
5,12	0,60
5,15	0,55
5,17	0,58
5,20	0,58
5,22	0,63
5,25	0,60
5,27	0,63
5,29	0,57
5,32	0,62
5,34	0,61
5,37	0,64
5,39	0,63
5,42	0,61
5,44	0,59
5,47	0,62
5,49	0,62
5,51	0,63
5,54	0,61
5,56	0,59
5,59	0,63
5,61	0,64
5,64	0,65
5,66	0,65
5,68	0,63
5,71	0,60
5,73	0,62
5,76	0,57
5,78	0,61
5,81	0,60
5,83	0,62
5,86	0,61
5,88	0,62
5,90	0,59
5,93	0,67
5,95	0,63
5,98	0,68
6,00	0,63
6,03	0,68
6,05	0,66
6,08	0,73
6,10	0,66
6,12	0,71
6,15	0,64
6,17	0,71
6,20	0,68
6,22	0,73
6,25	0,68
6,27	0,74
6,30	0,68
6,32	0,78
6,34	0,70
6,37	0,72
6,39	0,67
6,42	0,71
6,44	0,66
6,47	0,73
6,49	0,65
6,52	0,72
6,54	0,69
6,56	0,74
6,59	0,72
6,61	0,77
6,64	0,72
6,66	0,78
6,69	0,78
6,71	0,84
6,73	0,82
6,76	0,87
6,78	0,86
6,81	0,89
6,83	0,85
6,86	0,85
6,88	0,83
6,91	0,86
6,93	0,84
6,95	0,85
6,98	0,84
7,00	0,86
7,03	0,86
7,05	0,94
7,08	0,92
7,10	0,93
7,13	0,94
7,15	0,93
7,17	0,97
7,20	0,97
7,22	0,95
7,25	0,95
7,27	0,96
7,30	0,96
7,32	1,01
7,35	0,99
7,37	1,02
7,39	1,00
7,42	1,02
7,44	0,98
7,47	1,04
7,49	1,02
7,52	1,07
7,54	1,01
7,57	1,04
7,59	1,01
7,61	1,08
7,64	1,04
7,66	1,08
7,69	1,02
7,71	1,08
7,74	1,05
7,76	1,11
7,78	1,10
7,81	1,14
7,83	1,09
7,86	1,16
7,88	1,10
7,91	1,16
7,93	1,10
7,96	1,14
7,98	1,06
8,00	1,12
8,03	1,06
8,05	1,15
8,08	1,11
8,10	1,16
8,13	1,13
8,15	1,23
8,18	1,19
8,20	1,25
8,22	1,17
8,25	1,22
8,27	1,19
8,30	1,24
8,32	1,22
8,35	1,23
8,37	1,17
8,40	1,23
8,42	1,21
8,44	1,24
8,47	1,22
8,49	1,23
8,52	1,24
8,54	1,28
8,57	1,28
8,59	1,31
8,62	1,30
8,64	1,30
8,66	1,29
8,69	1,29
8,71	1,31
8,74	1,30
8,76	1,30
8,79	1,28
8,81	1,27
8,84	1,26
8,86	1,28
8,88	1,27
8,91	1,30
8,93	1,27
8,96	1,28
8,98	1,29
9,01	1,33
9,03	1,31
9,05	1,36
9,08	1,29
9,10	1,33
9,13	1,30
9,15	1,34
9,18	1,32
9,20	1,36
9,23	1,28
9,25	1,37
9,27	1,32
9,30	1,38
9,32	1,33
9,35	1,37
9,37	1,31
9,40	1,37
9,42	1,31
9,45	1,38
9,47	1,30
9,49	1,34
9,52	1,30
9,54	1,36
9,57	1,31
9,59	1,36
9,62	1,29
9,64	1,37
9,67	1,34
9,69	1,40
9,71	1,34
9,74	1,40
9,76	1,36
9,79	1,42
9,81	1,35
9,84	1,40
9,86	1,36
9,89	1,41
9,91	1,36
9,93	1,40
9,96	1,38
9,98	1,45
10,01	1,42
10,03	1,42
10,06	1,40
10,08	1,43
10,10	1,41
10,13	1,43
10,15	1,41
10,18	1,43
10,20	1,41
10,23	1,42
10,25	1,45
10,28	1,46
10,30	1,46
10,32	1,47
10,35	1,48
10,37	1,50
10,40	1,54
10,42	1,52
10,45	1,54
10,47	1,52
10,50	1,52
10,52	1,51
10,54	1,53
10,57	1,51
10,59	1,56
10,62	1,51
10,64	1,56
10,67	1,53
10,69	1,61
10,72	1,59
10,74	1,63
10,76	1,58
10,79	1,63
10,81	1,59
10,84	1,66
10,86	1,60
10,89	1,66
10,91	1,62
10,94	1,67
10,96	1,64
10,98	1,74
11,01	1,70
11,03	1,78
11,06	1,74
11,08	1,81
11,11	1,79
11,13	1,88
11,15	1,82
11,18	1,89
11,20	1,85
11,23	1,92
11,25	1,91
11,28	1,97
11,30	1,93
11,33	2,01
11,35	1,97
11,37	2,05
11,40	2,02
11,42	2,09
11,45	2,05
11,47	2,10
11,50	2,07
11,52	2,15
11,55	2,13
11,57	2,17
11,59	2,14
11,62	2,21
11,64	2,23
11,67	2,27
11,69	2,28
11,72	2,34
11,74	2,35
11,77	2,41
11,79	2,42
11,81	2,45
11,84	2,48
11,86	2,48
11,89	2,48
11,91	2,51
11,94	2,54
11,96	2,58
11,99	2,64
12,01	2,64
12,03	2,69
12,06	2,72
12,08	2,76
12,11	2,78
12,13	2,81
12,16	2,76
12,18	2,79
12,21	2,77
12,23	2,82
12,25	2,82
12,28	2,87
12,30	2,83
12,33	2,88
12,35	2,87
12,38	2,95
12,40	2,91
12,42	2,97
12,45	2,94
12,47	3,00
12,50	2,96
12,52	3,04
12,55	3,00
12,57	3,09
12,60	3,02
12,62	3,07
12,64	3,03
12,67	3,11
12,69	3,05
12,72	3,15
12,74	3,08
12,77	3,15
12,79	3,10
12,82	3,14
12,84	3,09
12,86	3,14
12,89	3,05
12,91	3,13
12,94	3,05
12,96	3,11
12,99	3,07
13,01	3,10
13,04	3,06
13,06	3,11
13,08	3,06
13,11	3,11
13,13	3,03
13,16	3,07
13,18	3,05
13,21	3,09
13,23	3,05
13,26	3,06
13,28	3,01
13,30	3,05
13,33	3,02
13,35	3,04
13,38	3,01
13,40	2,99
13,43	2,95
13,45	2,98
13,47	2,98
13,50	2,98
13,52	2,96
13,55	2,93
13,57	2,93
13,60	2,92
13,62	2,91
13,65	2,89
13,67	2,87
13,69	2,83
13,72	2,85
13,74	2,80
13,77	2,82
13,79	2,79
13,82	2,80
13,84	2,74
13,87	2,73
13,89	2,68
13,91	2,75
13,94	2,72
13,96	2,74
13,99	2,68
14,01	2,74
14,04	2,71
14,06	2,76
14,09	2,67
14,11	2,70
14,13	2,64
14,16	2,69
14,18	2,63
14,21	2,67
14,23	2,60
14,26	2,66
14,28	2,59
14,31	2,65
14,33	2,59
14,35	2,62
14,38	2,56
14,40	2,60
14,43	2,54
14,45	2,60
14,48	2,53
14,50	2,58
14,52	2,54
14,55	2,59
14,57	2,56
14,60	2,61
14,62	2,56
14,65	2,63
14,67	2,58
14,70	2,63
14,72	2,60
14,74	2,66
14,77	2,63
14,79	2,67
14,82	2,62
14,84	2,66
14,87	2,64
14,89	2,68
14,92	2,69
14,94	2,71
14,96	2,70
14,99	2,73
15,01	2,74
15,04	2,79
15,06	2,78
15,09	2,77
15,11	2,78
15,14	2,78
15,16	2,82
15,18	2,83
15,21	2,84
15,23	2,84
15,26	2,86
15,28	2,86
15,31	2,93
15,33	2,93
15,36	2,98
15,38	2,99
15,40	3,03
15,43	3,03
15,45	3,10
15,48	3,11
15,50	3,17
15,53	3,15
15,55	3,21
15,57	3,22
15,60	3,32
15,62	3,31
15,65	3,41
15,67	3,38
15,70	3,48
15,72	3,48
15,75	3,57
15,77	3,56
15,79	3,64
15,82	3,60
15,84	3,72
15,87	3,68
15,89	3,77
15,92	3,77
15,94	3,87
15,97	3,86
15,99	3,96
16,01	3,94
16,04	4,08
16,06	4,07
16,09	4,17
16,11	4,20
16,14	4,30
16,16	4,33
16,19	4,45
16,21	4,44
16,23	4,56
16,26	4,59
16,28	4,69
16,31	4,72
16,33	4,82
16,36	4,84
16,38	4,96
16,41	4,98
16,43	5,08
16,45	5,10
16,48	5,18
16,50	5,23
16,53	5,31
16,55	5,36
16,58	5,46
16,60	5,49
16,63	5,56
16,65	5,63
16,67	5,69
16,70	5,76
16,72	5,82
16,75	5,89
16,77	5,96
16,80	6,03
16,82	6,07
16,84	6,17
16,87	6,23
16,89	6,31
16,92	6,35
16,94	6,43
16,97	6,47
16,99	6,58
17,02	6,60
17,04	6,70
17,06	6,67
17,09	6,74
17,11	6,75
17,14	6,85
17,16	6,83
17,19	6,90
17,21	6,86
17,24	6,98
17,26	6,96
17,28	7,02
17,31	7,00
17,33	7,06
17,36	7,01
17,38	7,08
17,41	7,01
17,43	7,08
17,46	7,02
17,48	7,05
17,50	6,98
17,53	7,03
17,55	6,97
17,58	7,03
17,60	6,93
17,63	6,98
17,65	6,91
17,68	6,93
17,70	6,86
17,72	6,88
17,75	6,78
17,77	6,82
17,80	6,71
17,82	6,74
17,85	6,68
17,87	6,67
17,89	6,56
17,92	6,57
17,94	6,46
17,97	6,49
17,99	6,39
18,02	6,33
18,04	6,24
18,07	6,20
18,09	6,12
18,11	6,11
18,14	6,02
18,16	5,99
18,19	5,90
18,21	5,87
18,24	5,84
18,26	5,79
18,29	5,69
18,31	5,63
18,33	5,56
18,36	5,52
18,38	5,47
18,41	5,42
18,43	5,36
18,46	5,30
18,48	5,24
18,51	5,19
18,53	5,15
18,55	5,09
18,58	5,06
18,60	4,98
18,63	4,95
18,65	4,87
18,68	4,85
18,70	4,81
18,73	4,79
18,75	4,69
18,77	4,68
18,80	4,59
18,82	4,61
18,85	4,53
18,87	4,52
18,90	4,43
18,92	4,45
18,94	4,36
18,97	4,40
18,99	4,30
19,02	4,33
19,04	4,26
19,07	4,29
19,09	4,23
19,12	4,28
19,14	4,20
19,16	4,26
19,19	4,18
19,21	4,21
19,24	4,14
19,26	4,16
19,29	4,10
19,31	4,15
19,34	4,08
19,36	4,15
19,38	4,09
19,41	4,16
19,43	4,15
19,46	4,18
19,48	4,14
19,51	4,20
19,53	4,13
19,56	4,18
19,58	4,14
19,60	4,17
19,63	4,18
19,65	4,23
19,68	4,22
19,70	4,29
19,73	4,29
19,75	4,34
19,78	4,37
19,80	4,43
19,82	4,45
19,85	4,49
19,87	4,51
19,90	4,55
19,92	4,58
19,95	4,61
19,97	4,64
19,99	4,65
20,02	4,70
20,04	4,75
20,07	4,82
20,09	4,88
20,12	4,96
20,14	4,98
20,17	5,09
20,19	5,09
20,21	5,17
20,24	5,21
20,26	5,27
20,29	5,28
20,31	5,37
20,34	5,38
20,36	5,53
20,39	5,56
20,41	5,67
20,43	5,71
20,46	5,84
20,48	5,88
20,51	6,04
20,53	6,04
20,56	6,16
20,58	6,18
20,61	6,32
20,63	6,35
20,65	6,49
20,68	6,48
20,70	6,63
20,73	6,66
20,75	6,81
20,78	6,84
20,80	6,98
20,83	7,02
20,85	7,20
20,87	7,26
20,90	7,43
20,92	7,46
20,95	7,60
20,97	7,66
21,00	7,80
21,02	7,84
21,05	7,97
21,07	8,04
21,09	8,22
21,12	8,28
21,14	8,44
21,17	8,56
21,19	8,73
21,22	8,84
21,24	8,98
21,26	9,04
21,29	9,19
21,31	9,28
21,34	9,43
21,36	9,53
21,39	9,65
21,41	9,76
21,44	9,92
21,46	10,04
21,48	10,19
21,51	10,30
21,53	10,42
21,56	10,54
21,58	10,65
21,61	10,79
21,63	10,94
21,66	11,05
21,68	11,13
21,70	11,25
21,73	11,33
21,75	11,47
21,78	11,57
21,80	11,68
21,83	11,76
21,85	11,89
21,88	11,97
21,90	12,14
21,92	12,21
21,95	12,34
21,97	12,36
22,00	12,45
22,02	12,48
22,05	12,59
22,07	12,58
22,10	12,67
22,12	12,64
22,14	12,74
22,17	12,74
22,19	12,81
22,22	12,77
22,24	12,85
22,27	12,78
22,29	12,86
22,31	12,79
22,34	12,83
22,36	12,79
22,39	12,82
22,41	12,71
22,44	12,72
22,46	12,59
22,49	12,59
22,51	12,45
22,53	12,43
22,56	12,27
22,58	12,23
22,61	12,09
22,63	12,09
22,66	11,94
22,68	11,91
22,71	11,76
22,73	11,75
22,75	11,64
22,78	11,59
22,80	11,39
22,83	11,32
22,85	11,15
22,88	11,08
22,90	10,91
22,93	10,77
22,95	10,59
22,97	10,52
23,00	10,37
23,02	10,28
23,05	10,13
23,07	10,00
23,10	9,88
23,12	9,77
23,15	9,63
23,17	9,52
23,19	9,39
23,22	9,24
23,24	9,11
23,27	8,98
23,29	8,86
23,32	8,70
23,34	8,57
23,36	8,44
23,39	8,33
23,41	8,21
23,44	8,13
23,46	8,02
23,49	7,97
23,51	7,83
23,54	7,75
23,56	7,63
23,58	7,56
23,61	7,45
23,63	7,40
23,66	7,22
23,68	7,18
23,71	7,06
23,73	7,04
23,76	6,93
23,78	6,90
23,80	6,76
23,83	6,79
23,85	6,68
23,88	6,69
23,90	6,58
23,93	6,56
23,95	6,45
23,98	6,48
24,00	6,39
24,02	6,42
24,05	6,31
24,07	6,34
24,10	6,29
24,12	6,34
24,15	6,26
24,17	6,31
24,20	6,24
24,22	6,31
24,24	6,27
24,27	6,33
24,29	6,28
24,32	6,33
24,34	6,29
24,37	6,37
24,39	6,34
24,42	6,40
24,44	6,41
24,46	6,47
24,49	6,48
24,51	6,55
24,54	6,54
24,56	6,64
24,59	6,65
24,61	6,70
24,63	6,74
24,66	6,81
24,68	6,88
24,71	6,97
24,73	7,01
24,76	7,06
24,78	7,11
24,81	7,16
24,83	7,26
24,85	7,33
24,88	7,40
24,90	7,47
24,93	7,57
24,95	7,66
24,98	7,78
25,00	7,85
25,03	7,97
25,05	8,03
25,07	8,13
25,10	8,21
25,12	8,36
25,15	8,43
25,17	8,56
25,20	8,59
25,22	8,75
25,25	8,83
25,27	9,01
25,29	9,09
25,32	9,26
25,34	9,33
25,37	9,53
25,39	9,61
25,42	9,79
25,44	9,83
25,47	10,00
25,49	10,09
25,51	10,26
25,54	10,31
25,56	10,50
25,59	10,60
25,61	10,80
25,64	10,90
25,66	11,10
25,68	11,23
25,71	11,46
25,73	11,57
25,76	11,79
25,78	11,89
25,81	12,08
25,83	12,19
25,86	12,37
25,88	12,46
25,90	12,65
25,93	12,75
25,95	12,99
25,98	13,13
26,00	13,34
26,03	13,49
26,05	13,72
26,08	13,88
26,10	14,13
26,12	14,25
26,15	14,44
26,17	14,57
26,20	14,72
26,22	14,87
26,25	15,05
26,27	15,19
26,30	15,40
26,32	15,56
26,34	15,76
26,37	15,99
26,39	16,20
26,42	16,41
26,44	16,57
26,47	16,73
26,49	16,89
26,52	17,09
26,54	17,23
26,56	17,41
26,59	17,53
26,61	17,69
26,64	17,84
26,66	18,06
26,69	18,21
26,71	18,42
26,73	18,50
26,76	18,71
26,78	18,81
26,81	19,02
26,83	19,08
26,86	19,22
26,88	19,25
26,91	19,41
26,93	19,45
26,95	19,62
26,98	19,61
27,00	19,75
27,03	19,76
27,05	19,89
27,08	19,86
27,10	19,97
27,13	19,94
27,15	20,03
27,17	19,95
27,20	19,99
27,22	19,89
27,25	19,95
27,27	19,84
27,30	19,87
27,32	19,76
27,35	19,80
27,37	19,69
27,39	19,69
27,42	19,54
27,44	19,50
27,47	19,32
27,49	19,27
27,52	19,10
27,54	19,03
27,57	18,85
27,59	18,77
27,61	18,59
27,64	18,51
27,66	18,31
27,69	18,16
27,71	17,93
27,74	17,78
27,76	17,60
27,78	17,45
27,81	17,22
27,83	17,02
27,86	16,82
27,88	16,68
27,91	16,49
27,93	16,28
27,96	16,05
27,98	15,87
28,00	15,66
28,03	15,47
28,05	15,23
28,08	15,01
28,10	14,77
28,13	14,53
28,15	14,30
28,18	14,07
28,20	13,82
28,22	13,64
28,25	13,47
28,27	13,25
28,30	13,09
28,32	12,88
28,35	12,76
28,37	12,59
28,40	12,42
28,42	12,19
28,44	12,05
28,47	11,84
28,49	11,74
28,52	11,53
28,54	11,41
28,57	11,23
28,59	11,14
28,62	10,97
28,64	10,93
28,66	10,75
28,69	10,70
28,71	10,53
28,74	10,46
28,76	10,34
28,79	10,29
28,81	10,13
28,84	10,12
28,86	9,97
28,88	10,00
28,91	9,88
28,93	9,86
28,96	9,77
28,98	9,78
29,01	9,66
29,03	9,68
29,05	9,59
29,08	9,62
29,10	9,54
29,13	9,57
29,15	9,53
29,18	9,60
29,20	9,56
29,23	9,62
29,25	9,59
29,27	9,65
29,30	9,66
29,32	9,74
29,35	9,72
29,37	9,78
29,40	9,79
29,42	9,86
29,45	9,90
29,47	9,98
29,49	10,05
29,52	10,13
29,54	10,20
29,57	10,28
29,59	10,38
29,62	10,47
29,64	10,55
29,67	10,59
29,69	10,68
29,71	10,75
29,74	10,87
29,76	10,95
29,79	11,08
29,81	11,15
29,84	11,29
29,86	11,38
29,89	11,58
29,91	11,69
29,93	11,87
29,96	11,96
29,98	12,13
30,01	12,21
30,03	12,42
30,06	12,50
30,08	12,68
30,10	12,76
30,13	12,99
30,15	13,11
30,18	13,34
30,20	13,44
30,23	13,67
30,25	13,80
30,28	14,04
30,30	14,14
30,32	14,35
30,35	14,47
30,37	14,70
30,40	14,78
30,42	15,01
30,45	15,11
30,47	15,36
30,50	15,53
30,52	15,78
30,54	15,96
30,57	16,24
30,59	16,42
30,62	16,71
30,64	16,87
30,67	17,10
30,69	17,28
30,72	17,53
30,74	17,71
30,76	17,96
30,79	18,13
30,81	18,38
30,84	18,61
30,86	18,88
30,89	19,07
30,91	19,32
30,94	19,55
30,96	19,83
30,98	20,10
31,01	20,34
31,03	20,54
31,06	20,78
31,08	21,02
31,11	21,23
31,13	21,47
31,15	21,72
31,18	21,99
31,20	22,24
31,23	22,52
31,25	22,76
31,28	23,06
31,30	23,31
31,33	23,59
31,35	23,80
31,37	24,06
31,40	24,27
31,42	24,59
31,45	24,77
31,47	25,06
31,50	25,20
31,52	25,51
31,55	25,72
31,57	26,02
31,59	26,18
31,62	26,49
31,64	26,61
31,67	26,92
31,69	27,10
31,72	27,35
31,74	27,47
31,77	27,69
31,79	27,77
31,81	28,02
31,84	28,09
31,86	28,25
31,89	28,32
31,91	28,47
31,94	28,53
31,96	28,69
31,99	28,69
32,01	28,83
32,03	28,83
32,06	28,96
32,08	28,99
32,11	29,10
32,13	29,06
32,16	29,18
32,18	29,11
32,20	29,18
32,23	29,12
32,25	29,16
32,28	29,07
32,30	29,07
32,33	28,90
32,35	28,89
32,38	28,75
32,40	28,71
32,42	28,57
32,45	28,48
32,47	28,33
32,50	28,27
32,52	28,13
32,55	28,07
32,57	27,89
32,60	27,74
32,62	27,54
32,64	27,36
32,67	27,14
32,69	26,96
32,72	26,70
32,74	26,49
32,77	26,26
32,79	26,08
32,82	25,89
32,84	25,69
32,86	25,47
32,89	25,25
32,91	24,99
32,94	24,71
32,96	24,43
32,99	24,15
33,01	23,87
33,04	23,53
33,06	23,21
33,08	22,90
33,11	22,67
33,13	22,40
33,16	22,17
33,18	21,87
33,21	21,66
33,23	21,38
33,26	21,17
33,28	20,90
33,30	20,68
33,33	20,33
33,35	20,13
33,38	19,81
33,40	19,63
33,43	19,34
33,45	19,14
33,47	18,84
33,50	18,68
33,52	18,39
33,55	18,29
33,57	18,02
33,60	17,88
33,62	17,62
33,65	17,50
33,67	17,27
33,69	17,18
33,72	16,94
33,74	16,83
33,77	16,64
33,79	16,56
33,82	16,38
33,84	16,30
33,87	16,11
33,89	16,04
33,91	15,91
33,94	15,87
33,96	15,73
33,99	15,67
34,01	15,60
34,04	15,56
34,06	15,49
34,09	15,49
34,11	15,39
34,13	15,36
34,16	15,32
34,18	15,30
34,21	15,31
34,23	15,32
34,26	15,31
34,28	15,34
34,31	15,35
34,33	15,37
34,35	15,43
34,38	15,46
34,40	15,52
34,43	15,55
34,45	15,63
34,48	15,67
34,50	15,78
34,52	15,84
34,55	15,95
34,57	15,98
34,60	16,10
34,62	16,15
34,65	16,33
34,67	16,41
34,70	16,58
34,72	16,65
34,74	16,88
34,77	16,99
34,79	17,21
34,82	17,32
34,84	17,47
34,87	17,56
34,89	17,77
34,92	17,85
34,94	18,07
34,96	18,17
34,99	18,38
35,01	18,55
35,04	18,80
35,06	18,94
35,09	19,20
35,11	19,34
35,14	19,62
35,16	19,80
35,18	20,02
35,21	20,16
35,23	20,41
35,26	20,56
35,28	20,83
35,31	20,97
35,33	21,21
35,36	21,44
35,38	21,72
35,40	21,93
35,43	22,23
35,45	22,43
35,48	22,78
35,50	23,03
35,53	23,33
35,55	23,54
35,57	23,79
35,60	24,01
35,62	24,29
35,65	24,50
35,67	24,75
35,70	24,98
35,72	25,29
35,75	25,61
35,77	25,91
35,79	26,19
35,82	26,46
35,84	26,77
35,87	27,07
35,89	27,38
35,92	27,63
35,94	27,93
35,97	28,19
35,99	28,51
36,01	28,78
36,04	29,07
36,06	29,35
36,09	29,74
36,11	30,01
36,14	30,38
36,16	30,66
36,19	31,06
36,21	31,40
36,23	31,74
36,26	31,94
36,28	32,29
36,31	32,52
36,33	32,88
36,36	33,07
36,38	33,37
36,41	33,63
36,43	34,02
36,45	34,29
36,48	34,69
36,50	34,92
36,53	35,27
36,55	35,52
36,58	35,87
36,60	36,05
36,62	36,34
36,65	36,52
36,67	36,81
36,70	37,01
36,72	37,29
36,75	37,44
36,77	37,71
36,80	37,87
36,82	38,14
36,84	38,29
36,87	38,53
36,89	38,67
36,92	38,85
36,94	38,98
36,97	39,16
36,99	39,20
37,02	39,36
37,04	39,41
37,06	39,53
37,09	39,57
37,11	39,67
37,14	39,71
37,16	39,83
37,19	39,84
37,21	39,91
37,24	39,91
37,26	39,95
37,28	39,97
37,31	39,97
37,33	39,94
37,36	39,91
37,38	39,84
37,41	39,77
37,43	39,69
37,46	39,59
37,48	39,49
37,50	39,34
37,53	39,23
37,55	39,09
37,58	38,95
37,60	38,81
37,63	38,68
37,65	38,49
37,68	38,33
37,70	38,11
37,72	37,96
37,75	37,76
37,77	37,58
37,80	37,30
37,82	37,06
37,85	36,78
37,87	36,59
37,89	36,25
37,92	36,02
37,94	35,67
37,97	35,40
37,99	35,11
38,02	34,92
38,04	34,60
38,07	34,40
38,09	34,04
38,11	33,80
38,14	33,45
38,16	33,20
38,19	32,78
38,21	32,46
38,24	32,00
38,26	31,74
38,29	31,32
38,31	31,05
38,33	30,69
38,36	30,47
38,38	30,14
38,41	29,96
38,43	29,61
38,46	29,43
38,48	29,08
38,51	28,82
38,53	28,45
38,55	28,23
38,58	27,88
38,60	27,64
38,63	27,29
38,65	27,08
38,68	26,86
38,70	26,72
38,73	26,46
38,75	26,29
38,77	26,07
38,80	25,92
38,82	25,73
38,85	25,54
38,87	25,31
38,90	25,15
38,92	24,97
38,94	24,85
38,97	24,71
38,99	24,58
39,02	24,46
39,04	24,34
39,07	24,24
39,09	24,15
39,12	24,07
39,14	24,00
39,16	23,94
39,19	23,85
39,21	23,81
39,24	23,74
39,26	23,75
39,29	23,71
39,31	23,74
39,34	23,68
39,36	23,70
39,38	23,68
39,41	23,79
39,43	23,76
39,46	23,83
39,48	23,82
39,51	23,94
39,53	24,00
39,56	24,14
39,58	24,14
39,60	24,29
39,63	24,35
39,65	24,54
39,68	24,63
39,70	24,80
39,73	24,86
39,75	24,99
39,78	25,06
39,80	25,26
39,82	25,36
39,85	25,54
39,87	25,66
39,90	25,90
39,92	26,09
39,95	26,34
39,97	26,51
39,99	26,76
40,02	26,93
40,04	27,19
40,07	27,36
40,09	27,60
40,12	27,76
40,14	28,01
40,17	28,16
40,19	28,41
40,21	28,63
40,24	28,93
40,26	29,18
40,29	29,50
40,31	29,75
40,34	30,09
40,36	30,36
40,39	30,65
40,41	30,97
40,43	31,23
40,46	31,45
40,48	31,76
40,51	32,04
40,53	32,34
40,56	32,69
40,58	32,94
40,61	33,32
40,63	33,67
40,65	34,05
40,68	34,41
40,70	34,80
40,73	35,11
40,75	35,53
40,78	35,81
40,80	36,21
40,83	36,49
40,85	36,89
40,87	37,17
40,90	37,57
40,92	37,88
40,95	38,38
40,97	38,74
41,00	39,25
41,02	39,59
41,05	40,08
41,07	40,45
41,09	40,93
41,12	41,18
41,14	41,60
41,17	41,88
41,19	42,32
41,22	42,66
41,24	43,08
41,26	43,41
41,29	43,94
41,31	44,30
41,34	44,79
41,36	45,14
41,39	45,58
41,41	45,94
41,44	46,41
41,46	46,79
41,48	47,23
41,51	47,57
41,53	47,99
41,56	48,32
41,58	48,73
41,61	49,04
41,63	49,33
41,66	49,54
41,68	49,76
41,70	49,87
41,73	49,98
41,75	50,00
41,78	50,00
41,80	50,00
41,83	50,00
41,85	50,00
41,88	50,00
41,90	50,00
41,92	50,00
41,95	50,00
41,97	50,00
42,00	50,00
42,02	50,00
42,05	50,00
42,07	50,00
42,10	50,00
42,12	50,00
42,14	50,00
42,17	50,00
42,19	50,00
42,22	50,00
42,24	50,00
42,27	50,00
42,29	50,00
42,31	50,00
42,34	50,00
42,36	50,00
42,39	50,00
42,41	50,00
42,44	50,00
42,46	50,00
42,49	50,00
42,51	50,00
42,53	50,00
42,56	50,00
42,58	50,00
42,61	50,00
42,63	50,00
42,66	50,00
42,68	50,00
42,71	50,00
42,73	50,00
42,75	50,00
42,78	50,00
42,80	50,00
42,83	50,00
42,85	50,00
42,88	50,00
42,90	50,00
42,93	50,00
42,95	50,00
42,97	50,00
43,00	50,00
43,02	50,00
43,05	50,00
43,07	50,00
43,10	50,00
43,12	50,00
43,15	50,00
43,17	50,00
43,19	50,00
43,22	50,00
43,24	50,00
43,27	50,00
43,29	50,00
43,32	50,00
43,34	50,00
43,36	50,00
43,39	49,98
43,41	49,96
43,44	49,88
43,46	49,82
43,49	49,66
43,51	49,46
43,54	49,20
43,56	48,98
43,58	48,70
43,61	48,46
43,63	48,14
43,66	47,88
43,68	47,64
43,71	47,42
43,73	47,14
43,76	46,89
43,78	46,61
43,80	46,36
43,83	46,12
43,85	45,84
43,88	45,59
43,90	45,35
43,93	45,14
43,95	44,92
43,98	44,70
44,00	44,47
44,02	44,32
44,05	44,14
44,07	44,03
44,10	43,79
44,12	43,64
44,15	43,45
44,17	43,36
44,20	43,19
44,22	43,10
44,24	42,90
44,27	42,90
44,29	42,77
44,32	42,78
44,34	42,66
44,37	42,69
44,39	42,58
44,41	42,62
44,44	42,52
44,46	42,57
44,49	42,50
44,51	42,61
44,54	42,55
44,56	42,68
44,59	42,68
44,61	42,80
44,63	42,80
44,66	42,92
44,68	42,92
44,71	43,08
44,73	43,10
44,76	43,26
44,78	43,33
44,81	43,55
44,83	43,66
44,85	43,88
44,88	44,03
44,90	44,26
44,93	44,44
44,95	44,66
44,98	44,81
45,00	45,08
45,03	45,23
45,05	45,45
45,07	45,64
45,10	45,91
45,12	46,17
45,15	46,47
45,17	46,74
45,20	47,09
45,22	47,41
45,25	47,75
45,27	48,10
45,29	48,46
45,32	48,81
45,34	49,10
45,37	49,39
45,39	49,60
45,42	49,81
45,44	49,90
45,47	49,96
45,49	49,98
45,51	50,00
45,54	50,00
45,56	50,00
45,59	50,00
45,61	50,00
45,64	50,00
45,66	50,00
45,68	50,00
45,71	50,00
45,73	50,00
45,76	50,00
45,78	50,00
45,81	50,00
45,83	50,00
45,86	50,00
45,88	50,00
45,90	50,00
45,93	50,00
45,95	50,00
45,98	50,00
46,00	50,00
46,03	50,00
46,05	50,00
46,08	50,00
46,10	50,00
46,12	50,00
46,15	50,00
46,17	50,00
46,20	50,00
46,22	50,00
46,25	50,00
46,27	50,00
46,30	50,00
46,32	50,00
46,34	50,00
46,37	50,00
46,39	50,00
46,42	50,00
46,44	50,00
46,47	50,00
46,49	50,00
46,52	50,00
46,54	50,00
46,56	50,00
46,59	50,00
46,61	50,00
46,64	50,00
46,66	50,00
46,69	50,00
46,71	50,00
46,73	50,00
46,76	50,00
46,78	50,00
46,81	50,00
46,83	50,00
46,86	50,00
46,88	50,00
46,91	50,00
46,93	50,00
46,95	50,00
46,98	50,00
47,00	50,00
47,03	50,00
47,05	50,00
47,08	50,00
47,10	50,00
47,13	50,00
47,15	50,00
47,17	50,00
47,20	50,00
47,22	50,00
47,25	50,00
47,27	50,00
47,30	50,00
47,32	50,00
47,35	50,00
47,37	50,00
47,39	50,00
47,42	50,00
47,44	50,00
47,47	50,00
47,49	50,00
47,52	50,00
47,54	50,00
47,57	50,00
47,59	50,00
47,61	50,00
47,64	50,00
47,66	50,00
47,69	50,00
47,71	50,00
47,74	50,00
47,76	50,00
47,78	50,00
47,81	50,00
47,83	50,00
47,86	50,00
47,88	50,00
47,91	50,00
47,93	50,00
47,96	50,00
47,98	50,00
48,00	50,00
48,03	50,00
48,05	50,00
48,08	50,00
48,10	50,00
48,13	50,00
48,15	50,00
48,18	50,00
48,20	50,00
48,22	50,00
48,25	50,00
48,27	50,00
48,30	50,00
48,32	50,00
48,35	50,00
48,37	50,00
48,40	50,00
48,42	50,00
48,44	50,00
48,47	50,00
48,49	50,00
48,52	50,00
48,54	50,00
48,57	50,00
48,59	50,00
48,62	50,00
48,64	50,00
48,66	50,00
48,69	50,00
48,71	50,00
48,74	50,00
48,76	50,00
48,79	50,00
48,81	50,00
48,84	50,00
48,86	50,00
48,88	50,00
48,91	50,00
48,93	50,00
48,96	50,00
48,98	50,00
49,01	50,00
49,03	50,00
49,05	50,00
49,08	50,00
49,10	50,00
49,13	50,00
49,15	50,00
49,18	50,00
49,20	50,00
49,23	50,00
49,25	50,00
49,27	50,00
49,30	50,00
49,32	50,00
49,35	50,00
49,37	50,00
49,40	50,00
49,42	50,00
49,45	50,00
49,47	50,00
49,49	50,00
49,52	50,00
49,54	50,00
49,57	50,00
49,59	50,00
49,62	50,00
49,64	50,00
49,67	50,00
49,69	50,00
49,71	50,00
49,74	50,00
49,76	50,00
49,79	50,00
49,81	50,00
49,84	50,00
49,86	50,00
49,89	50,00
49,91	50,00
49,93	50,00
49,96	50,00
49,98	50,00
50,01	50,00
50,03	50,00
50,06	50,00
50,08	50,00
50,10	50,00
50,13	50,00
50,15	50,00
50,18	50,00
50,20	50,00
50,23	50,00
50,25	50,00
50,28	50,00
50,30	50,00
50,32	50,00
50,35	50,00
50,37	50,00
50,40	50,00
50,42	50,00
50,45	50,00
50,47	50,00
50,50	50,00
50,52	50,00
50,54	50,00
50,57	50,00
50,59	50,00
50,62	50,00
50,64	50,00
50,67	50,00
50,69	50,00
50,72	50,00
50,74	50,00
50,76	50,00
50,79	50,00
50,81	50,00
50,84	50,00
50,86	50,00
50,89	50,00
50,91	50,00
50,94	50,00
50,96	50,00
50,98	50,00
51,01	50,00
51,03	50,00
51,06	50,00
51,08	50,00
51,11	50,00
51,13	50,00
51,15	50,00
51,18	50,00
51,20	50,00
51,23	50,00
51,25	50,00
51,28	50,00
51,30	50,00
51,33	50,00
51,35	50,00
51,37	50,00
51,40	50,00
51,42	50,00
51,45	50,00
51,47	50,00
51,50	50,00
51,52	50,00
51,55	50,00
51,57	50,00
51,59	50,00
51,62	50,00
51,64	50,00
51,67	50,00
51,69	50,00
51,72	50,00
51,74	50,00
51,77	50,00
51,79	50,00
51,81	50,00
51,84	50,00
51,86	50,00
51,89	50,00
51,91	50,00
51,94	50,00
51,96	50,00
51,99	50,00
52,01	50,00
52,03	50,00
52,06	50,00
52,08	50,00
52,11	50,00
52,13	50,00
52,16	50,00
52,18	50,00
52,20	50,00
52,23	50,00
52,25	50,00
52,28	50,00
52,30	50,00
52,33	50,00
52,35	50,00
52,38	50,00
52,40	50,00
52,42	50,00
52,45	50,00
52,47	50,00
52,50	50,00
52,52	50,00
52,55	50,00
52,57	50,00
52,60	50,00
52,62	50,00
52,64	50,00
52,67	50,00
52,69	50,00
52,72	50,00
52,74	50,00
52,77	50,00
52,79	50,00
52,82	50,00
52,84	50,00
52,86	50,00
52,89	50,00
52,91	50,00
52,94	50,00
52,96	50,00
52,99	50,00
53,01	50,00
53,04	50,00
53,06	50,00
53,08	50,00
53,11	50,00
53,13	50,00
53,16	50,00
53,18	50,00
53,21	50,00
53,23	50,00
53,26	50,00
53,28	50,00
53,30	50,00
53,33	50,00
53,35	50,00
53,38	50,00
53,40	50,00
53,43	50,00
53,45	50,00
53,47	50,00
53,50	50,00
53,52	50,00
53,55	50,00
53,57	50,00
53,60	50,00
53,62	50,00
53,65	50,00
53,67	50,00
53,69	50,00
53,72	50,00
53,74	50,00
53,77	50,00
53,79	50,00
53,82	50,00
53,84	50,00
53,87	50,00
53,89	50,00
53,91	50,00
53,94	50,00
53,96	50,00
53,99	50,00
54,01	50,00
54,04	50,00
54,06	50,00
54,09	50,00
54,11	50,00
54,13	50,00
54,16	50,00
54,18	50,00
54,21	50,00
54,23	50,00
54,26	50,00
54,28	50,00
54,31	50,00
54,33	50,00
54,35	50,00
54,38	50,00
54,40	50,00
54,43	50,00
54,45	50,00
54,48	50,00
54,50	50,00
54,52	50,00
54,55	50,00
54,57	50,00
54,60	50,00
54,62	50,00
54,65	50,00
54,67	50,00
54,70	50,00
54,72	50,00
54,74	50,00
54,77	50,00
54,79	50,00
54,82	50,00
54,84	50,00
54,87	50,00
54,89	50,00
54,92	50,00
54,94	50,00
54,96	50,00
54,99	50,00
55,01	50,00
55,04	50,00
55,06	50,00
55,09	50,00
55,11	50,00
55,14	50,00
55,16	50,00
55,18	50,00
55,21	50,00
55,23	50,00
55,26	50,00
55,28	50,00
55,31	50,00
55,33	50,00
55,36	50,00
55,38	50,00
55,40	50,00
55,43	50,00
55,45	50,00
55,48	50,00
55,50	50,00
55,53	50,00
55,55	50,00
55,57	50,00
55,60	50,00
55,62	50,00
55,65	50,00
55,67	50,00
55,70	50,00
55,72	50,00
55,75	50,00
55,77	50,00
55,79	50,00
55,82	50,00
55,84	50,00
55,87	50,00
55,89	50,00
55,92	50,00
55,94	50,00
55,97	50,00
55,99	50,00
56,01	50,00
56,04	50,00
56,06	50,00
56,09	50,00
56,11	50,00
56,14	50,00
56,16	50,00
56,19	50,00
56,21	50,00
56,23	50,00
56,26	50,00
56,28	50,00
56,31	50,00
56,33	50,00
56,36	50,00
56,38	50,00
56,41	50,00
56,43	50,00
56,45	50,00
56,48	50,00
56,50	50,00
56,53	50,00
56,55	50,00
56,58	50,00
56,60	50,00
56,62	50,00
56,65	50,00
56,67	50,00
56,70	50,00
56,72	50,00
56,75	50,00
56,77	50,00
56,80	50,00
56,82	50,00
56,84	50,00
56,87	50,00
56,89	50,00
56,92	50,00
56,94	50,00
56,97	50,00
56,99	50,00
57,02	50,00
57,04	50,00
57,06	50,00
57,09	50,00
57,11	50,00
57,14	50,00
57,16	50,00
57,19	50,00
57,21	50,00
57,24	50,00
57,26	50,00
57,28	50,00
57,31	50,00
57,33	50,00
57,36	50,00
57,38	50,00
57,41	50,00
57,43	50,00
57,46	50,00
57,48	50,00
57,50	50,00
57,53	50,00
57,55	50,00
57,58	50,00
57,60	50,00
57,63	50,00
57,65	50,00
57,68	50,00
57,70	50,00
57,72	50,00
57,75	50,00
57,77	50,00
57,80	50,00
57,82	50,00
57,85	50,00
57,87	50,00
57,89	50,00
57,92	50,00
57,94	50,00
57,97	50,00
57,99	50,00
58,02	50,00
58,04	50,00
58,07	50,00
58,09	50,00
58,11	50,00
58,14	50,00
58,16	50,00
58,19	50,00
58,21	50,00
58,24	50,00
58,26	50,00
58,29	50,00
58,31	50,00
58,33	50,00
58,36	50,00
58,38	50,00
58,41	50,00
58,43	50,00
58,46	50,00
58,48	50,00
58,51	50,00
58,53	50,00
58,55	50,00
58,58	50,00
58,60	50,00
58,63	50,00
58,65	50,00
58,68	50,00
58,70	50,00
58,73	50,00
58,75	50,00
58,77	50,00
58,80	50,00
58,82	50,00
58,85	50,00
58,87	50,00
58,90	50,00
58,92	50,00
58,94	50,00
58,97	50,00
58,99	50,00
59,02	50,00
59,04	50,00
59,07	50,00
59,09	50,00
59,12	50,00
59,14	50,00
59,16	50,00
59,19	50,00
59,21	50,00
59,24	50,00
59,26	50,00
59,29	50,00
59,31	50,00
59,34	50,00
59,36	50,00
59,38	50,00
59,41	50,00
59,43	50,00
59,46	50,00
59,48	50,00
59,51	50,00
59,53	50,00
59,56	50,00
59,58	50,00
59,60	50,00
59,63	50,00
59,65	50,00
59,68	50,00
59,70	50,00
59,73	50,00
59,75	50,00
59,78	50,00
59,80	50,00
59,82	50,00
59,85	50,00
59,87	50,00
59,90	50,00
59,92	50,00
59,95	50,00
59,97	50,00
59,99	50,00
