Voltage U1	Corriente IA
U1/V	IA/nA

0,02	0,52
0,04	0,51
0,07	0,54
0,09	0,54
0,12	0,57
0,14	0,55
0,17	0,56
0,19	0,53
0,21	0,58
0,24	0,55
0,26	0,59
0,29	0,52
0,31	0,54
0,34	0,51
0,36	0,57
0,39	0,52
0,41	0,57
0,43	0,50
0,46	0,59
0,48	0,56
0,51	0,62
0,53	0,55
0,56	0,58
0,58	0,53
0,61	0,59
0,63	0,52
0,65	0,58
0,68	0,50
0,70	0,57
0,73	0,55
0,75	0,61
0,78	0,55
0,80	0,61
0,83	0,54
0,85	0,60
0,87	0,54
0,90	0,56
0,92	0,50
0,95	0,55
0,97	0,49
1,00	0,56
1,02	0,51
1,05	0,56
1,07	0,53
1,09	0,57
1,12	0,52
1,14	0,55
1,17	0,50
1,19	0,58
1,22	0,55
1,24	0,57
1,26	0,53
1,29	0,54
1,31	0,54
1,34	0,57
1,36	0,52
1,39	0,53
1,41	0,50
1,44	0,53
1,46	0,55
1,48	0,57
1,51	0,57
1,53	0,56
1,56	0,56
1,58	0,58
1,61	0,57
1,63	0,56
1,66	0,57
1,68	0,54
1,70	0,54
1,73	0,53
1,75	0,54
1,78	0,53
1,80	0,56
1,83	0,51
1,85	0,54
1,88	0,51
1,90	0,55
1,92	0,56
1,95	0,59
1,97	0,54
2,00	0,59
2,02	0,54
2,05	0,60
2,07	0,54
2,10	0,56
2,12	0,51
2,14	0,55
2,17	0,51
2,19	0,58
2,22	0,52
2,24	0,59
2,27	0,54
2,29	0,59
2,31	0,55
2,34	0,60
2,36	0,52
2,39	0,58
2,41	0,50
2,44	0,56
2,46	0,52
2,49	0,56
2,51	0,50
2,53	0,57
2,56	0,51
2,58	0,57
2,61	0,53
2,63	0,57
2,66	0,55
2,68	0,58
2,71	0,53
2,73	0,59
2,75	0,55
2,78	0,57
2,80	0,52
2,83	0,54
2,85	0,53
2,88	0,54
2,90	0,51
2,93	0,53
2,95	0,50
2,97	0,53
3,00	0,53
3,02	0,55
3,05	0,57
3,07	0,57
3,10	0,56
3,12	0,57
3,15	0,57
3,17	0,58
3,19	0,60
3,22	0,55
3,24	0,55
3,27	0,54
3,29	0,55
3,32	0,53
3,34	0,56
3,36	0,50
3,39	0,55
3,41	0,52
3,44	0,57
3,46	0,56
3,49	0,58
3,51	0,52
3,54	0,56
3,56	0,51
3,58	0,57
3,61	0,50
3,63	0,55
3,66	0,51
3,68	0,57
3,71	0,53
3,73	0,59
3,76	0,53
3,78	0,58
3,80	0,52
3,83	0,56
3,85	0,51
3,88	0,58
3,90	0,52
3,93	0,60
3,95	0,53
3,98	0,60
4,00	0,55
4,02	0,60
4,05	0,55
4,07	0,61
4,10	0,53
4,12	0,60
4,15	0,54
4,17	0,59
4,20	0,54
4,22	0,57
4,24	0,52
4,27	0,58
4,29	0,55
4,32	0,58
4,34	0,51
4,37	0,55
4,39	0,53
4,42	0,59
4,44	0,55
4,46	0,55
4,49	0,53
4,51	0,57
4,54	0,57
4,56	0,58
4,59	0,55
4,61	0,55
4,63	0,55
4,66	0,57
4,68	0,57
4,71	0,57
4,73	0,57
4,76	0,57
4,78	0,58
4,81	0,57
4,83	0,57
4,85	0,59
4,88	0,60
4,90	0,57
4,93	0,57
4,95	0,54
4,98	0,59
5,00	0,57
5,03	0,58
5,05	0,53
5,07	0,55
5,10	0,52
5,12	0,58
5,15	0,53
5,17	0,58
5,20	0,54
5,22	0,60
5,25	0,56
5,27	0,62
5,29	0,55
5,32	0,61
5,34	0,55
5,37	0,60
5,39	0,56
5,42	0,63
5,44	0,57
5,47	0,64
5,49	0,59
5,51	0,65
5,54	0,60
5,56	0,65
5,59	0,59
5,61	0,65
5,64	0,59
5,66	0,63
5,68	0,58
5,71	0,64
5,73	0,58
5,76	0,63
5,78	0,59
5,81	0,62
5,83	0,58
5,86	0,63
5,88	0,58
5,90	0,62
5,93	0,61
5,95	0,66
5,98	0,66
6,00	0,70
6,03	0,65
6,05	0,68
6,08	0,67
6,10	0,70
6,12	0,69
6,15	0,69
6,17	0,66
6,20	0,68
6,22	0,68
6,25	0,71
6,27	0,71
6,30	0,67
6,32	0,68
6,34	0,69
6,37	0,72
6,39	0,73
6,42	0,72
6,44	0,71
6,47	0,73
6,49	0,72
6,52	0,77
6,54	0,73
6,56	0,77
6,59	0,75
6,61	0,78
6,64	0,75
6,66	0,81
6,69	0,78
6,71	0,83
6,73	0,77
6,76	0,81
6,78	0,77
6,81	0,84
6,83	0,78
6,86	0,85
6,88	0,79
6,91	0,85
6,93	0,81
6,95	0,86
6,98	0,82
7,00	0,88
7,03	0,81
7,05	0,89
7,08	0,84
7,10	0,90
7,13	0,85
7,15	0,90
7,17	0,86
7,20	0,93
7,22	0,86
7,25	0,93
7,27	0,87
7,30	0,94
7,32	0,92
7,35	0,97
7,37	0,93
7,39	0,99
7,42	0,95
7,44	1,02
7,47	0,98
7,49	1,02
7,52	0,99
7,54	1,02
7,57	0,97
7,59	1,02
7,61	1,00
7,64	1,04
7,66	1,02
7,69	1,05
7,71	1,03
7,74	1,06
7,76	1,04
7,78	1,06
7,81	1,04
7,83	1,04
7,86	1,03
7,88	1,04
7,91	1,07
7,93	1,07
7,96	1,07
7,98	1,07
8,00	1,09
8,03	1,08
8,05	1,13
8,08	1,12
8,10	1,16
8,13	1,14
8,15	1,15
8,18	1,14
8,20	1,19
8,22	1,15
8,25	1,19
8,27	1,12
8,30	1,15
8,32	1,14
8,35	1,21
8,37	1,16
8,40	1,21
8,42	1,16
8,44	1,23
8,47	1,19
8,49	1,24
8,52	1,18
8,54	1,21
8,57	1,15
8,59	1,20
8,62	1,14
8,64	1,22
8,66	1,15
8,69	1,22
8,71	1,18
8,74	1,24
8,76	1,20
8,79	1,29
8,81	1,23
8,84	1,28
8,86	1,22
8,88	1,28
8,91	1,24
8,93	1,29
8,96	1,21
8,98	1,27
9,01	1,22
9,03	1,28
9,05	1,27
9,08	1,31
9,10	1,26
9,13	1,32
9,15	1,28
9,18	1,35
9,20	1,33
9,23	1,34
9,25	1,30
9,27	1,32
9,30	1,32
9,32	1,35
9,35	1,32
9,37	1,33
9,40	1,29
9,42	1,31
9,45	1,33
9,47	1,33
9,49	1,32
9,52	1,34
9,54	1,34
9,57	1,35
9,59	1,38
9,62	1,37
9,64	1,39
9,67	1,37
9,69	1,36
9,71	1,35
9,74	1,38
9,76	1,35
9,79	1,40
9,81	1,35
9,84	1,39
9,86	1,36
9,89	1,42
9,91	1,41
9,93	1,46
9,96	1,38
9,98	1,44
10,01	1,39
10,03	1,45
10,06	1,40
10,08	1,42
10,10	1,36
10,13	1,42
10,15	1,37
10,18	1,45
10,20	1,39
10,23	1,45
10,25	1,47
10,28	1,53
10,30	1,49
10,32	1,56
10,35	1,51
10,37	1,57
10,40	1,51
10,42	1,52
10,45	1,47
10,47	1,51
10,50	1,45
10,52	1,52
10,54	1,48
10,57	1,55
10,59	1,52
10,62	1,58
10,64	1,55
10,67	1,61
10,69	1,55
10,72	1,61
10,74	1,55
10,76	1,58
10,79	1,53
10,81	1,56
10,84	1,55
10,86	1,60
10,89	1,59
10,91	1,63
10,94	1,62
10,96	1,66
10,98	1,69
11,01	1,73
11,03	1,73
11,06	1,73
11,08	1,73
11,11	1,76
11,13	1,78
11,15	1,78
11,18	1,78
11,20	1,76
11,23	1,78
11,25	1,80
11,28	1,83
11,30	1,83
11,33	1,88
11,35	1,86
11,37	1,93
11,40	1,92
11,42	1,98
11,45	1,99
11,47	2,02
11,50	1,98
11,52	2,03
11,55	2,00
11,57	2,09
11,59	2,05
11,62	2,11
11,64	2,10
11,67	2,18
11,69	2,16
11,72	2,28
11,74	2,24
11,77	2,32
11,79	2,28
11,81	2,34
11,84	2,31
11,86	2,38
11,89	2,31
11,91	2,39
11,94	2,34
11,96	2,43
11,99	2,40
12,01	2,48
12,03	2,46
12,06	2,55
12,08	2,52
12,11	2,63
12,13	2,60
12,16	2,67
12,18	2,64
12,21	2,66
12,23	2,63
12,25	2,71
12,28	2,65
12,30	2,71
12,33	2,67
12,35	2,72
12,38	2,74
12,40	2,79
12,42	2,77
12,45	2,83
12,47	2,80
12,50	2,84
12,52	2,85
12,55	2,88
12,57	2,87
12,60	2,90
12,62	2,89
12,64	2,92
12,67	2,92
12,69	2,94
12,72	2,95
12,74	2,94
12,77	2,94
12,79	2,94
12,82	2,96
12,84	3,01
12,86	3,02
12,89	3,00
12,91	3,02
12,94	2,98
12,96	3,03
12,99	3,00
13,01	3,02
13,04	2,96
13,06	2,98
13,08	2,94
13,11	3,03
13,13	2,99
13,16	3,02
13,18	2,97
13,21	3,03
13,23	3,00
13,26	3,08
13,28	3,00
13,30	3,04
13,33	2,99
13,35	3,03
13,38	2,98
13,40	3,01
13,43	2,93
13,45	2,98
13,47	2,91
13,50	2,96
13,52	2,90
13,55	2,93
13,57	2,90
13,60	2,96
13,62	2,88
13,65	2,93
13,67	2,86
13,69	2,89
13,72	2,83
13,74	2,86
13,77	2,80
13,79	2,84
13,82	2,79
13,84	2,85
13,87	2,79
13,89	2,84
13,91	2,79
13,94	2,84
13,96	2,79
13,99	2,80
14,01	2,74
14,04	2,76
14,06	2,73
14,09	2,76
14,11	2,74
14,13	2,74
14,16	2,70
14,18	2,72
14,21	2,71
14,23	2,73
14,26	2,71
14,28	2,69
14,31	2,71
14,33	2,72
14,35	2,74
14,38	2,74
14,40	2,72
14,43	2,70
14,45	2,70
14,48	2,67
14,50	2,70
14,52	2,67
14,55	2,68
14,57	2,66
14,60	2,68
14,62	2,67
14,65	2,71
14,67	2,69
14,70	2,75
14,72	2,71
14,74	2,75
14,77	2,71
14,79	2,79
14,82	2,76
14,84	2,82
14,87	2,75
14,89	2,82
14,92	2,79
14,94	2,86
14,96	2,80
14,99	2,86
15,01	2,80
15,04	2,91
15,06	2,86
15,09	2,93
15,11	2,88
15,14	2,94
15,16	2,89
15,18	2,98
15,21	2,92
15,23	3,00
15,26	2,95
15,28	3,05
15,31	3,04
15,33	3,12
15,36	3,09
15,38	3,18
15,40	3,15
15,43	3,23
15,45	3,19
15,48	3,27
15,50	3,26
15,53	3,34
15,55	3,31
15,57	3,38
15,60	3,36
15,62	3,45
15,65	3,44
15,67	3,48
15,70	3,47
15,72	3,55
15,75	3,56
15,77	3,67
15,79	3,68
15,82	3,72
15,84	3,76
15,87	3,82
15,89	3,85
15,92	3,92
15,94	3,94
15,97	3,96
15,99	4,00
16,01	4,04
16,04	4,11
16,06	4,16
16,09	4,19
16,11	4,21
16,14	4,28
16,16	4,32
16,19	4,41
16,21	4,44
16,23	4,52
16,26	4,55
16,28	4,63
16,31	4,66
16,33	4,77
16,36	4,79
16,38	4,88
16,41	4,86
16,43	4,98
16,45	5,00
16,48	5,11
16,50	5,13
16,53	5,23
16,55	5,24
16,58	5,37
16,60	5,38
16,63	5,51
16,65	5,52
16,67	5,63
16,70	5,63
16,72	5,73
16,75	5,75
16,77	5,88
16,80	5,88
16,82	6,00
16,84	6,00
16,87	6,14
16,89	6,17
16,92	6,27
16,94	6,28
16,97	6,40
16,99	6,39
17,02	6,50
17,04	6,52
17,06	6,58
17,09	6,57
17,11	6,65
17,14	6,62
17,16	6,73
17,19	6,73
17,21	6,78
17,24	6,80
17,26	6,88
17,28	6,88
17,31	6,97
17,33	6,95
17,36	7,00
17,38	6,97
17,41	7,00
17,43	7,01
17,46	7,03
17,48	7,01
17,50	7,04
17,53	7,01
17,55	7,03
17,58	7,03
17,60	7,03
17,63	7,04
17,65	7,01
17,68	6,98
17,70	6,97
17,72	6,97
17,75	6,98
17,77	7,00
17,80	6,92
17,82	6,91
17,85	6,88
17,87	6,88
17,89	6,83
17,92	6,82
17,94	6,73
17,97	6,73
17,99	6,65
18,02	6,66
18,04	6,58
18,07	6,58
18,09	6,47
18,11	6,47
18,14	6,39
18,16	6,42
18,19	6,30
18,21	6,30
18,24	6,20
18,26	6,22
18,29	6,12
18,31	6,15
18,33	6,04
18,36	6,07
18,38	5,94
18,41	5,94
18,43	5,83
18,46	5,84
18,48	5,72
18,51	5,76
18,53	5,65
18,55	5,69
18,58	5,57
18,60	5,60
18,63	5,51
18,65	5,52
18,68	5,40
18,70	5,42
18,73	5,30
18,75	5,32
18,77	5,21
18,80	5,21
18,82	5,14
18,85	5,17
18,87	5,09
18,90	5,12
18,92	5,02
18,94	5,03
18,97	4,98
18,99	5,00
19,02	4,92
19,04	4,92
19,07	4,84
19,09	4,86
19,12	4,83
19,14	4,83
19,16	4,79
19,19	4,78
19,21	4,76
19,24	4,77
19,26	4,77
19,29	4,76
19,31	4,75
19,34	4,73
19,36	4,74
19,38	4,72
19,41	4,73
19,43	4,72
19,46	4,73
19,48	4,70
19,51	4,73
19,53	4,70
19,56	4,76
19,58	4,75
19,60	4,80
19,63	4,77
19,65	4,80
19,68	4,78
19,70	4,87
19,73	4,83
19,75	4,90
19,78	4,87
19,80	4,96
19,82	4,98
19,85	5,08
19,87	5,03
19,90	5,12
19,92	5,09
19,95	5,18
19,97	5,19
19,99	5,29
20,02	5,27
20,04	5,38
20,07	5,38
20,09	5,50
20,12	5,50
20,14	5,60
20,17	5,58
20,19	5,68
20,21	5,68
20,24	5,78
20,26	5,77
20,29	5,87
20,31	5,87
20,34	5,99
20,36	6,03
20,39	6,10
20,41	6,12
20,43	6,25
20,46	6,27
20,48	6,39
20,51	6,44
20,53	6,56
20,56	6,64
20,58	6,75
20,61	6,77
20,63	6,88
20,65	6,94
20,68	7,06
20,70	7,14
20,73	7,26
20,75	7,33
20,78	7,46
20,80	7,56
20,83	7,70
20,85	7,78
20,87	7,87
20,90	7,95
20,92	8,03
20,95	8,13
20,97	8,24
21,00	8,31
21,02	8,39
21,05	8,50
21,07	8,60
21,09	8,77
21,12	8,88
21,14	9,01
21,17	9,10
21,19	9,25
21,22	9,34
21,24	9,50
21,26	9,58
21,29	9,75
21,31	9,80
21,34	9,97
21,36	10,04
21,39	10,23
21,41	10,31
21,44	10,52
21,46	10,58
21,48	10,79
21,51	10,86
21,53	11,05
21,56	11,14
21,58	11,30
21,61	11,35
21,63	11,53
21,66	11,59
21,68	11,78
21,70	11,85
21,73	12,02
21,75	12,09
21,78	12,27
21,80	12,33
21,83	12,51
21,85	12,56
21,88	12,74
21,90	12,81
21,92	12,99
21,95	13,03
21,97	13,18
22,00	13,20
22,02	13,35
22,05	13,35
22,07	13,46
22,10	13,48
22,12	13,59
22,14	13,58
22,17	13,71
22,19	13,70
22,22	13,80
22,24	13,79
22,27	13,83
22,29	13,79
22,31	13,85
22,34	13,80
22,36	13,86
22,39	13,81
22,41	13,80
22,44	13,75
22,46	13,75
22,49	13,70
22,51	13,70
22,53	13,63
22,56	13,58
22,58	13,52
22,61	13,46
22,63	13,43
22,66	13,37
22,68	13,29
22,71	13,20
22,73	13,13
22,75	13,05
22,78	12,99
22,80	12,87
22,83	12,79
22,85	12,65
22,88	12,55
22,90	12,42
22,93	12,35
22,95	12,21
22,97	12,13
23,00	11,95
23,02	11,90
23,05	11,75
23,07	11,68
23,10	11,52
23,12	11,42
23,15	11,22
23,17	11,15
23,19	10,94
23,22	10,87
23,24	10,67
23,27	10,58
23,29	10,41
23,32	10,32
23,34	10,14
23,36	10,13
23,39	9,95
23,41	9,92
23,44	9,76
23,46	9,70
23,49	9,55
23,51	9,51
23,54	9,30
23,56	9,26
23,58	9,07
23,61	9,02
23,63	8,89
23,66	8,87
23,68	8,72
23,71	8,70
23,73	8,57
23,76	8,58
23,78	8,45
23,80	8,41
23,83	8,29
23,85	8,25
23,88	8,16
23,90	8,15
23,93	8,05
23,95	8,04
23,98	7,94
24,00	7,93
24,02	7,91
24,05	7,91
24,07	7,85
24,10	7,87
24,12	7,81
24,15	7,82
24,17	7,81
24,20	7,81
24,22	7,79
24,24	7,79
24,27	7,76
24,29	7,79
24,32	7,83
24,34	7,84
24,37	7,88
24,39	7,88
24,42	7,91
24,44	7,92
24,46	7,97
24,49	8,00
24,51	8,04
24,54	8,02
24,56	8,08
24,59	8,07
24,61	8,17
24,63	8,20
24,66	8,28
24,68	8,30
24,71	8,41
24,73	8,43
24,76	8,59
24,78	8,62
24,81	8,73
24,83	8,75
24,85	8,89
24,88	8,92
24,90	9,08
24,93	9,10
24,95	9,24
24,98	9,29
25,00	9,44
25,03	9,48
25,05	9,64
25,07	9,68
25,10	9,84
25,12	9,89
25,15	10,05
25,17	10,10
25,20	10,26
25,22	10,33
25,25	10,51
25,27	10,59
25,29	10,77
25,32	10,83
25,34	11,02
25,37	11,13
25,39	11,31
25,42	11,38
25,44	11,55
25,47	11,66
25,49	11,86
25,51	11,94
25,54	12,11
25,56	12,24
25,59	12,44
25,61	12,58
25,64	12,77
25,66	12,89
25,68	13,09
25,71	13,25
25,73	13,43
25,76	13,60
25,78	13,76
25,81	13,87
25,83	14,06
25,86	14,21
25,88	14,39
25,90	14,57
25,93	14,70
25,95	14,91
25,98	15,12
26,00	15,33
26,03	15,54
26,05	15,73
26,08	15,89
26,10	16,12
26,12	16,27
26,15	16,49
26,17	16,64
26,20	16,84
26,22	16,98
26,25	17,20
26,27	17,33
26,30	17,64
26,32	17,82
26,34	18,09
26,37	18,25
26,39	18,51
26,42	18,68
26,44	18,99
26,47	19,07
26,49	19,32
26,52	19,42
26,54	19,67
26,56	19,81
26,59	20,07
26,61	20,17
26,64	20,43
26,66	20,54
26,69	20,85
26,71	21,00
26,73	21,26
26,76	21,38
26,78	21,62
26,81	21,76
26,83	21,98
26,86	22,03
26,88	22,22
26,91	22,27
26,93	22,46
26,95	22,53
26,98	22,69
27,00	22,75
27,03	22,94
27,05	22,98
27,08	23,13
27,10	23,17
27,13	23,28
27,15	23,28
27,17	23,38
27,20	23,31
27,22	23,39
27,25	23,34
27,27	23,38
27,30	23,36
27,32	23,38
27,35	23,30
27,37	23,33
27,39	23,27
27,42	23,32
27,44	23,24
27,47	23,18
27,49	23,08
27,52	22,99
27,54	22,90
27,57	22,83
27,59	22,68
27,61	22,57
27,64	22,43
27,66	22,32
27,69	22,21
27,71	22,08
27,74	21,91
27,76	21,75
27,78	21,57
27,81	21,41
27,83	21,24
27,86	21,07
27,88	20,91
27,91	20,71
27,93	20,52
27,96	20,32
27,98	20,14
28,00	19,95
28,03	19,75
28,05	19,46
28,08	19,25
28,10	18,97
28,13	18,78
28,15	18,53
28,18	18,31
28,20	18,00
28,22	17,85
28,25	17,56
28,27	17,41
28,30	17,15
28,32	16,98
28,35	16,72
28,37	16,58
28,40	16,30
28,42	16,20
28,44	15,95
28,47	15,82
28,49	15,57
28,52	15,43
28,54	15,20
28,57	15,11
28,59	14,88
28,62	14,78
28,64	14,56
28,66	14,46
28,69	14,30
28,71	14,21
28,74	14,00
28,76	13,93
28,79	13,76
28,81	13,71
28,84	13,56
28,86	13,48
28,88	13,37
28,91	13,34
28,93	13,22
28,96	13,22
28,98	13,09
29,01	13,07
29,03	12,98
29,05	12,97
29,08	12,93
29,10	12,94
29,13	12,88
29,15	12,91
29,18	12,88
29,20	12,91
29,23	12,92
29,25	12,94
29,27	12,95
29,30	12,96
29,32	12,96
29,35	12,99
29,37	13,04
29,40	13,07
29,42	13,12
29,45	13,13
29,47	13,22
29,49	13,29
29,52	13,39
29,54	13,48
29,57	13,59
29,59	13,62
29,62	13,76
29,64	13,80
29,67	13,94
29,69	14,01
29,71	14,13
29,74	14,17
29,76	14,33
29,79	14,40
29,81	14,62
29,84	14,69
29,86	14,89
29,89	15,00
29,91	15,22
29,93	15,33
29,96	15,55
29,98	15,61
30,01	15,83
30,03	15,90
30,06	16,11
30,08	16,23
30,10	16,45
30,13	16,56
30,15	16,82
30,18	16,93
30,20	17,21
30,23	17,41
30,25	17,66
30,28	17,80
30,30	18,06
30,32	18,18
30,35	18,46
30,37	18,59
30,40	18,76
30,42	18,90
30,45	19,16
30,47	19,33
30,50	19,61
30,52	19,79
30,54	20,08
30,57	20,31
30,59	20,60
30,62	20,82
30,64	21,12
30,67	21,30
30,69	21,57
30,72	21,75
30,74	22,02
30,76	22,24
30,79	22,51
30,81	22,72
30,84	23,03
30,86	23,28
30,89	23,61
30,91	23,86
30,94	24,17
30,96	24,45
30,98	24,74
31,01	24,99
31,03	25,25
31,06	25,51
31,08	25,80
31,11	26,06
31,13	26,29
31,15	26,57
31,18	26,85
31,20	27,20
31,23	27,47
31,25	27,80
31,28	28,07
31,30	28,41
31,33	28,67
31,35	29,01
31,37	29,23
31,40	29,56
31,42	29,78
31,45	30,13
31,47	30,36
31,50	30,73
31,52	30,99
31,55	31,38
31,57	31,62
31,59	31,97
31,62	32,21
31,64	32,58
31,67	32,79
31,69	33,12
31,72	33,28
31,74	33,60
31,77	33,78
31,79	34,03
31,81	34,16
31,84	34,42
31,86	34,54
31,89	34,83
31,91	34,94
31,94	35,18
31,96	35,32
31,99	35,54
32,01	35,63
32,03	35,84
32,06	35,88
32,08	36,08
32,11	36,11
32,13	36,22
32,16	36,23
32,18	36,37
32,20	36,37
32,23	36,49
32,25	36,41
32,28	36,51
32,30	36,49
32,33	36,58
32,35	36,53
32,38	36,55
32,40	36,47
32,42	36,52
32,45	36,42
32,47	36,44
32,50	36,34
32,52	36,28
32,55	36,19
32,57	36,13
32,60	36,00
32,62	35,93
32,64	35,77
32,67	35,64
32,69	35,43
32,72	35,25
32,74	35,10
32,77	34,91
32,79	34,72
32,82	34,54
32,84	34,33
32,86	34,16
32,89	33,95
32,91	33,69
32,94	33,44
32,96	33,14
32,99	32,86
33,01	32,52
33,04	32,23
33,06	31,95
33,08	31,67
33,11	31,33
33,13	31,06
33,16	30,73
33,18	30,50
33,21	30,20
33,23	29,91
33,26	29,55
33,28	29,27
33,30	28,90
33,33	28,64
33,35	28,26
33,38	27,97
33,40	27,59
33,43	27,34
33,45	27,00
33,47	26,81
33,50	26,45
33,52	26,24
33,55	25,94
33,57	25,75
33,60	25,42
33,62	25,22
33,65	24,89
33,67	24,71
33,69	24,38
33,72	24,18
33,74	23,89
33,77	23,75
33,79	23,49
33,82	23,39
33,84	23,17
33,87	23,07
33,89	22,87
33,91	22,79
33,94	22,61
33,96	22,52
33,99	22,33
34,01	22,29
34,04	22,13
34,06	22,08
34,09	21,95
34,11	21,92
34,13	21,85
34,16	21,85
34,18	21,76
34,21	21,76
34,23	21,69
34,26	21,71
34,28	21,71
34,31	21,74
34,33	21,74
34,35	21,78
34,38	21,81
34,40	21,89
34,43	21,96
34,45	22,04
34,48	22,12
34,50	22,18
34,52	22,26
34,55	22,37
34,57	22,50
34,60	22,59
34,62	22,73
34,65	22,82
34,67	22,98
34,70	23,11
34,72	23,29
34,74	23,43
34,77	23,64
34,79	23,77
34,82	24,01
34,84	24,12
34,87	24,36
34,89	24,50
34,92	24,74
34,94	24,86
34,96	25,09
34,99	25,25
35,01	25,58
35,04	25,77
35,06	26,05
35,09	26,23
35,11	26,58
35,14	26,82
35,16	27,15
35,18	27,29
35,21	27,57
35,23	27,78
35,26	28,10
35,28	28,30
35,31	28,60
35,33	28,79
35,36	29,14
35,38	29,40
35,40	29,76
35,43	30,01
35,45	30,35
35,48	30,63
35,50	31,00
35,53	31,32
35,55	31,65
35,57	31,89
35,60	32,25
35,62	32,53
35,65	32,88
35,67	33,18
35,70	33,52
35,72	33,82
35,75	34,24
35,77	34,55
35,79	34,94
35,82	35,30
35,84	35,71
35,87	36,10
35,89	36,48
35,92	36,77
35,94	37,16
35,97	37,50
35,99	37,87
36,01	38,24
36,04	38,60
36,06	38,99
36,09	39,44
36,11	39,85
36,14	40,31
36,16	40,73
36,19	41,11
36,21	41,52
36,23	41,85
36,26	42,25
36,28	42,63
36,31	43,01
36,33	43,33
36,36	43,73
36,38	44,08
36,41	44,61
36,43	44,99
36,45	45,44
36,48	45,81
36,50	46,30
36,53	46,67
36,55	47,16
36,58	47,49
36,60	47,90
36,62	48,15
36,65	48,53
36,67	48,79
36,70	49,12
36,72	49,33
36,75	49,54
36,77	49,69
36,80	49,88
36,82	49,94
36,84	50,00
36,87	50,00
36,89	50,00
36,92	50,00
36,94	50,00
36,97	50,00
36,99	50,00
37,02	50,00
37,04	50,00
37,06	50,00
37,09	50,00
37,11	50,00
37,14	50,00
37,16	50,00
37,19	50,00
37,21	50,00
37,24	50,00
37,26	50,00
37,28	50,00
37,31	50,00
37,33	50,00
37,36	50,00
37,38	50,00
37,41	50,00
37,43	50,00
37,46	50,00
37,48	50,00
37,50	50,00
37,53	50,00
37,55	50,00
37,58	50,00
37,60	50,00
37,63	50,00
37,65	50,00
37,68	50,00
37,70	50,00
37,72	50,00
37,75	50,00
37,77	50,00
37,80	50,00
37,82	50,00
37,85	50,00
37,87	50,00
37,89	50,00
37,92	50,00
37,94	50,00
37,97	50,00
37,99	50,00
38,02	50,00
38,04	50,00
38,07	50,00
38,09	50,00
38,11	50,00
38,14	50,00
38,16	50,00
38,19	50,00
38,21	49,98
38,24	49,92
38,26	49,77
38,29	49,57
38,31	49,27
38,33	49,00
38,36	48,63
38,38	48,27
38,41	47,86
38,43	47,47
38,46	47,04
38,48	46,69
38,51	46,19
38,53	45,81
38,55	45,32
38,58	44,92
38,60	44,46
38,63	44,11
38,65	43,65
38,68	43,38
38,70	42,94
38,73	42,67
38,75	42,23
38,77	41,97
38,80	41,59
38,82	41,37
38,85	40,94
38,87	40,71
38,90	40,31
38,92	40,13
38,94	39,81
38,97	39,61
38,99	39,28
39,02	39,11
39,04	38,82
39,07	38,72
39,09	38,44
39,12	38,29
39,14	38,07
39,16	37,97
39,19	37,80
39,21	37,75
39,24	37,58
39,26	37,54
39,29	37,41
39,31	37,39
39,34	37,33
39,36	37,36
39,38	37,29
39,41	37,31
39,43	37,30
39,46	37,35
39,48	37,38
39,51	37,44
39,53	37,44
39,56	37,51
39,58	37,53
39,60	37,61
39,63	37,72
39,65	37,83
39,68	37,97
39,70	38,11
39,73	38,24
39,75	38,36
39,78	38,56
39,80	38,71
39,82	38,89
39,85	38,99
39,87	39,20
39,90	39,38
39,92	39,68
39,95	39,90
39,97	40,18
39,99	40,35
40,02	40,68
40,04	40,91
40,07	41,25
40,09	41,45
40,12	41,70
40,14	41,92
40,17	42,28
40,19	42,49
40,21	42,83
40,24	43,05
40,26	43,43
40,29	43,75
40,31	44,14
40,34	44,45
40,36	44,88
40,39	45,20
40,41	45,66
40,43	45,95
40,46	46,38
40,48	46,70
40,51	47,13
40,53	47,46
40,56	47,91
40,58	48,24
40,61	48,71
40,63	49,05
40,65	49,37
40,68	49,59
40,70	49,81
40,73	49,91
40,75	50,00
40,78	50,00
40,80	50,00
40,83	50,00
40,85	50,00
40,87	50,00
40,90	50,00
40,92	50,00
40,95	50,00
40,97	50,00
41,00	50,00
41,02	50,00
41,05	50,00
41,07	50,00
41,09	50,00
41,12	50,00
41,14	50,00
41,17	50,00
41,19	50,00
41,22	50,00
41,24	50,00
41,26	50,00
41,29	50,00
41,31	50,00
41,34	50,00
41,36	50,00
41,39	50,00
41,41	50,00
41,44	50,00
41,46	50,00
41,48	50,00
41,51	50,00
41,53	50,00
41,56	50,00
41,58	50,00
41,61	50,00
41,63	50,00
41,66	50,00
41,68	50,00
41,70	50,00
41,73	50,00
41,75	50,00
41,78	50,00
41,80	50,00
41,83	50,00
41,85	50,00
41,88	50,00
41,90	50,00
41,92	50,00
41,95	50,00
41,97	50,00
42,00	50,00
42,02	50,00
42,05	50,00
42,07	50,00
42,10	50,00
42,12	50,00
42,14	50,00
42,17	50,00
42,19	50,00
42,22	50,00
42,24	50,00
42,27	50,00
42,29	50,00
42,31	50,00
42,34	50,00
42,36	50,00
42,39	50,00
42,41	50,00
42,44	50,00
42,46	50,00
42,49	50,00
42,51	50,00
42,53	50,00
42,56	50,00
42,58	50,00
42,61	50,00
42,63	50,00
42,66	50,00
42,68	50,00
42,71	50,00
42,73	50,00
42,75	50,00
42,78	50,00
42,80	50,00
42,83	50,00
42,85	50,00
42,88	50,00
42,90	50,00
42,93	50,00
42,95	50,00
42,97	50,00
43,00	50,00
43,02	50,00
43,05	50,00
43,07	50,00
43,10	50,00
43,12	50,00
43,15	50,00
43,17	50,00
43,19	50,00
43,22	50,00
43,24	50,00
43,27	50,00
43,29	50,00
43,32	50,00
43,34	50,00
43,36	50,00
43,39	50,00
43,41	50,00
43,44	50,00
43,46	50,00
43,49	50,00
43,51	50,00
43,54	50,00
43,56	50,00
43,58	50,00
43,61	50,00
43,63	50,00
43,66	50,00
43,68	50,00
43,71	50,00
43,73	50,00
43,76	50,00
43,78	50,00
43,80	50,00
43,83	50,00
43,85	50,00
43,88	50,00
43,90	50,00
43,93	50,00
43,95	50,00
43,98	50,00
44,00	50,00
44,02	50,00
44,05	50,00
44,07	50,00
44,10	50,00
44,12	50,00
44,15	50,00
44,17	50,00
44,20	50,00
44,22	50,00
44,24	50,00
44,27	50,00
44,29	50,00
44,32	50,00
44,34	50,00
44,37	50,00
44,39	50,00
44,41	50,00
44,44	50,00
44,46	50,00
44,49	50,00
44,51	50,00
44,54	50,00
44,56	50,00
44,59	50,00
44,61	50,00
44,63	50,00
44,66	50,00
44,68	50,00
44,71	50,00
44,73	50,00
44,76	50,00
44,78	50,00
44,81	50,00
44,83	50,00
44,85	50,00
44,88	50,00
44,90	50,00
44,93	50,00
44,95	50,00
44,98	50,00
45,00	50,00
45,03	50,00
45,05	50,00
45,07	50,00
45,10	50,00
45,12	50,00
45,15	50,00
45,17	50,00
45,20	50,00
45,22	50,00
45,25	50,00
45,27	50,00
45,29	50,00
45,32	50,00
45,34	50,00
45,37	50,00
45,39	50,00
45,42	50,00
45,44	50,00
45,47	50,00
45,49	50,00
45,51	50,00
45,54	50,00
45,56	50,00
45,59	50,00
45,61	50,00
45,64	50,00
45,66	50,00
45,68	50,00
45,71	50,00
45,73	50,00
45,76	50,00
45,78	50,00
45,81	50,00
45,83	50,00
45,86	50,00
45,88	50,00
45,90	50,00
45,93	50,00
45,95	50,00
45,98	50,00
46,00	50,00
46,03	50,00
46,05	50,00
46,08	50,00
46,10	50,00
46,12	50,00
46,15	50,00
46,17	50,00
46,20	50,00
46,22	50,00
46,25	50,00
46,27	50,00
46,30	50,00
46,32	50,00
46,34	50,00
46,37	50,00
46,39	50,00
46,42	50,00
46,44	50,00
46,47	50,00
46,49	50,00
46,52	50,00
46,54	50,00
46,56	50,00
46,59	50,00
46,61	50,00
46,64	50,00
46,66	50,00
46,69	50,00
46,71	50,00
46,73	50,00
46,76	50,00
46,78	50,00
46,81	50,00
46,83	50,00
46,86	50,00
46,88	50,00
46,91	50,00
46,93	50,00
46,95	50,00
46,98	50,00
47,00	50,00
47,03	50,00
47,05	50,00
47,08	50,00
47,10	50,00
47,13	50,00
47,15	50,00
47,17	50,00
47,20	50,00
47,22	50,00
47,25	50,00
47,27	50,00
47,30	50,00
47,32	50,00
47,35	50,00
47,37	50,00
47,39	50,00
47,42	50,00
47,44	50,00
47,47	50,00
47,49	50,00
47,52	50,00
47,54	50,00
47,57	50,00
47,59	50,00
47,61	50,00
47,64	50,00
47,66	50,00
47,69	50,00
47,71	50,00
47,74	50,00
47,76	50,00
47,78	50,00
47,81	50,00
47,83	50,00
47,86	50,00
47,88	50,00
47,91	50,00
47,93	50,00
47,96	50,00
47,98	50,00
48,00	50,00
48,03	50,00
48,05	50,00
48,08	50,00
48,10	50,00
48,13	50,00
48,15	50,00
48,18	50,00
48,20	50,00
48,22	50,00
48,25	50,00
48,27	50,00
48,30	50,00
48,32	50,00
48,35	50,00
48,37	50,00
48,40	50,00
48,42	50,00
48,44	50,00
48,47	50,00
48,49	50,00
48,52	50,00
48,54	50,00
48,57	50,00
48,59	50,00
48,62	50,00
48,64	50,00
48,66	50,00
48,69	50,00
48,71	50,00
48,74	50,00
48,76	50,00
48,79	50,00
48,81	50,00
48,84	50,00
48,86	50,00
48,88	50,00
48,91	50,00
48,93	50,00
48,96	50,00
48,98	50,00
49,01	50,00
49,03	50,00
49,05	50,00
49,08	50,00
49,10	50,00
49,13	50,00
49,15	50,00
49,18	50,00
49,20	50,00
49,23	50,00
49,25	50,00
49,27	50,00
49,30	50,00
49,32	50,00
49,35	50,00
49,37	50,00
49,40	50,00
49,42	50,00
49,45	50,00
49,47	50,00
49,49	50,00
49,52	50,00
49,54	50,00
49,57	50,00
49,59	50,00
49,62	50,00
49,64	50,00
49,67	50,00
49,69	50,00
49,71	50,00
49,74	50,00
49,76	50,00
49,79	50,00
49,81	50,00
49,84	50,00
49,86	50,00
49,89	50,00
49,91	50,00
49,93	50,00
49,96	50,00
49,98	50,00
50,01	50,00
50,03	50,00
50,06	50,00
50,08	50,00
50,10	50,00
50,13	50,00
50,15	50,00
50,18	50,00
50,20	50,00
50,23	50,00
50,25	50,00
50,28	50,00
50,30	50,00
50,32	50,00
50,35	50,00
50,37	50,00
50,40	50,00
50,42	50,00
50,45	50,00
50,47	50,00
50,50	50,00
50,52	50,00
50,54	50,00
50,57	50,00
50,59	50,00
50,62	50,00
50,64	50,00
50,67	50,00
50,69	50,00
50,72	50,00
50,74	50,00
50,76	50,00
50,79	50,00
50,81	50,00
50,84	50,00
50,86	50,00
50,89	50,00
50,91	50,00
50,94	50,00
50,96	50,00
50,98	50,00
51,01	50,00
51,03	50,00
51,06	50,00
51,08	50,00
51,11	50,00
51,13	50,00
51,15	50,00
51,18	50,00
51,20	50,00
51,23	50,00
51,25	50,00
51,28	50,00
51,30	50,00
51,33	50,00
51,35	50,00
51,37	50,00
51,40	50,00
51,42	50,00
51,45	50,00
51,47	50,00
51,50	50,00
51,52	50,00
51,55	50,00
51,57	50,00
51,59	50,00
51,62	50,00
51,64	50,00
51,67	50,00
51,69	50,00
51,72	50,00
51,74	50,00
51,77	50,00
51,79	50,00
51,81	50,00
51,84	50,00
51,86	50,00
51,89	50,00
51,91	50,00
51,94	50,00
51,96	50,00
51,99	50,00
52,01	50,00
52,03	50,00
52,06	50,00
52,08	50,00
52,11	50,00
52,13	50,00
52,16	50,00
52,18	50,00
52,20	50,00
52,23	50,00
52,25	50,00
52,28	50,00
52,30	50,00
52,33	50,00
52,35	50,00
52,38	50,00
52,40	50,00
52,42	50,00
52,45	50,00
52,47	50,00
52,50	50,00
52,52	50,00
52,55	50,00
52,57	50,00
52,60	50,00
52,62	50,00
52,64	50,00
52,67	50,00
52,69	50,00
52,72	50,00
52,74	50,00
52,77	50,00
52,79	50,00
52,82	50,00
52,84	50,00
52,86	50,00
52,89	50,00
52,91	50,00
52,94	50,00
52,96	50,00
52,99	50,00
53,01	50,00
53,04	50,00
53,06	50,00
53,08	50,00
53,11	50,00
53,13	50,00
53,16	50,00
53,18	50,00
53,21	50,00
53,23	50,00
53,26	50,00
53,28	50,00
53,30	50,00
53,33	50,00
53,35	50,00
53,38	50,00
53,40	50,00
53,43	50,00
53,45	50,00
53,47	50,00
53,50	50,00
53,52	50,00
53,55	50,00
53,57	50,00
53,60	50,00
53,62	50,00
53,65	50,00
53,67	50,00
53,69	50,00
53,72	50,00
53,74	50,00
53,77	50,00
53,79	50,00
53,82	50,00
53,84	50,00
53,87	50,00
53,89	50,00
53,91	50,00
53,94	50,00
53,96	50,00
53,99	50,00
54,01	50,00
54,04	50,00
54,06	50,00
54,09	50,00
54,11	50,00
54,13	50,00
54,16	50,00
54,18	50,00
54,21	50,00
54,23	50,00
54,26	50,00
54,28	50,00
54,31	50,00
54,33	50,00
54,35	50,00
54,38	50,00
54,40	50,00
54,43	50,00
54,45	50,00
54,48	50,00
54,50	50,00
54,52	50,00
54,55	50,00
54,57	50,00
54,60	50,00
54,62	50,00
54,65	50,00
54,67	50,00
54,70	50,00
54,72	50,00
54,74	50,00
54,77	50,00
54,79	50,00
54,82	50,00
54,84	50,00
54,87	50,00
54,89	50,00
54,92	50,00
54,94	50,00
54,96	50,00
54,99	50,00
55,01	50,00
55,04	50,00
55,06	50,00
55,09	50,00
55,11	50,00
55,14	50,00
55,16	50,00
55,18	50,00
55,21	50,00
55,23	50,00
55,26	50,00
55,28	50,00
55,31	50,00
55,33	50,00
55,36	50,00
55,38	50,00
55,40	50,00
55,43	50,00
55,45	50,00
55,48	50,00
55,50	50,00
55,53	50,00
55,55	50,00
55,57	50,00
55,60	50,00
55,62	50,00
55,65	50,00
55,67	50,00
55,70	50,00
55,72	50,00
55,75	50,00
55,77	50,00
55,79	50,00
55,82	50,00
55,84	50,00
55,87	50,00
55,89	50,00
55,92	50,00
55,94	50,00
55,97	50,00
55,99	50,00
56,01	50,00
56,04	50,00
56,06	50,00
56,09	50,00
56,11	50,00
56,14	50,00
56,16	50,00
56,19	50,00
56,21	50,00
56,23	50,00
56,26	50,00
56,28	50,00
56,31	50,00
56,33	50,00
56,36	50,00
56,38	50,00
56,41	50,00
56,43	50,00
56,45	50,00
56,48	50,00
56,50	50,00
56,53	50,00
56,55	50,00
56,58	50,00
56,60	50,00
56,62	50,00
56,65	50,00
56,67	50,00
56,70	50,00
56,72	50,00
56,75	50,00
56,77	50,00
56,80	50,00
56,82	50,00
56,84	50,00
56,87	50,00
56,89	50,00
56,92	50,00
56,94	50,00
56,97	50,00
56,99	50,00
57,02	50,00
57,04	50,00
57,06	50,00
57,09	50,00
57,11	50,00
57,14	50,00
57,16	50,00
57,19	50,00
57,21	50,00
57,24	50,00
57,26	50,00
57,28	50,00
57,31	50,00
57,33	50,00
57,36	50,00
57,38	50,00
57,41	50,00
57,43	50,00
57,46	50,00
57,48	50,00
57,50	50,00
57,53	50,00
57,55	50,00
57,58	50,00
57,60	50,00
57,63	50,00
57,65	50,00
57,68	50,00
57,70	50,00
57,72	50,00
57,75	50,00
57,77	50,00
57,80	50,00
57,82	50,00
57,85	50,00
57,87	50,00
57,89	50,00
57,92	50,00
57,94	50,00
57,97	50,00
57,99	50,00
58,02	50,00
58,04	50,00
58,07	50,00
58,09	50,00
58,11	50,00
58,14	50,00
58,16	50,00
58,19	50,00
58,21	50,00
58,24	50,00
58,26	50,00
58,29	50,00
58,31	50,00
58,33	50,00
58,36	50,00
58,38	50,00
58,41	50,00
58,43	50,00
58,46	50,00
58,48	50,00
58,51	50,00
58,53	50,00
58,55	50,00
58,58	50,00
58,60	50,00
58,63	50,00
58,65	50,00
58,68	50,00
58,70	50,00
58,73	50,00
58,75	50,00
58,77	50,00
58,80	50,00
58,82	50,00
58,85	50,00
58,87	50,00
58,90	50,00
58,92	50,00
58,94	50,00
58,97	50,00
58,99	50,00
59,02	50,00
59,04	50,00
59,07	50,00
59,09	50,00
59,12	50,00
59,14	50,00
59,16	50,00
59,19	50,00
59,21	50,00
59,24	50,00
59,26	50,00
59,29	50,00
59,31	50,00
59,34	50,00
59,36	50,00
59,38	50,00
59,41	50,00
59,43	50,00
59,46	50,00
59,48	50,00
59,51	50,00
59,53	50,00
59,56	50,00
59,58	50,00
59,60	50,00
59,63	50,00
59,65	50,00
59,68	50,00
59,70	50,00
59,73	50,00
59,75	50,00
59,78	50,00
59,80	50,00
59,82	50,00
59,85	50,00
59,87	50,00
59,90	50,00
59,92	50,00
59,95	50,00
59,97	50,00
59,99	50,00
