Voltage U1	Corriente IA
U1/V	IA/nA

0,02	0,42
0,04	0,43
0,07	0,48
0,09	0,49
0,12	0,54
0,14	0,49
0,17	0,59
0,19	0,54
0,21	0,56
0,24	0,52
0,26	0,55
0,29	0,54
0,31	0,58
0,34	0,53
0,36	0,55
0,39	0,51
0,41	0,53
0,43	0,56
0,46	0,57
0,48	0,55
0,51	0,55
0,53	0,55
0,56	0,57
0,58	0,58
0,61	0,55
0,63	0,56
0,65	0,54
0,68	0,55
0,70	0,55
0,73	0,56
0,75	0,55
0,78	0,57
0,80	0,52
0,83	0,53
0,85	0,50
0,87	0,53
0,90	0,54
0,92	0,56
0,95	0,51
0,97	0,55
1,00	0,51
1,02	0,56
1,05	0,52
1,07	0,55
1,09	0,50
1,12	0,53
1,14	0,49
1,17	0,56
1,19	0,50
1,22	0,55
1,24	0,50
1,26	0,56
1,29	0,54
1,31	0,60
1,34	0,54
1,36	0,57
1,39	0,50
1,41	0,55
1,44	0,49
1,46	0,51
1,48	0,46
1,51	0,52
1,53	0,48
1,56	0,56
1,58	0,50
1,61	0,55
1,63	0,50
1,66	0,55
1,68	0,49
1,70	0,55
1,73	0,50
1,75	0,54
1,78	0,49
1,80	0,54
1,83	0,52
1,85	0,56
1,88	0,51
1,90	0,55
1,92	0,51
1,95	0,55
1,97	0,53
2,00	0,56
2,02	0,54
2,05	0,56
2,07	0,53
2,10	0,55
2,12	0,55
2,14	0,57
2,17	0,58
2,19	0,57
2,22	0,54
2,24	0,54
2,27	0,55
2,29	0,56
2,31	0,55
2,34	0,50
2,36	0,52
2,39	0,51
2,41	0,53
2,44	0,52
2,46	0,53
2,49	0,50
2,51	0,52
2,53	0,48
2,56	0,54
2,58	0,51
2,61	0,53
2,63	0,49
2,66	0,51
2,68	0,49
2,71	0,55
2,73	0,51
2,75	0,57
2,78	0,53
2,80	0,57
2,83	0,53
2,85	0,59
2,88	0,54
2,90	0,59
2,93	0,51
2,95	0,55
2,97	0,51
3,00	0,57
3,02	0,51
3,05	0,58
3,07	0,51
3,10	0,58
3,12	0,52
3,15	0,59
3,17	0,53
3,19	0,58
3,22	0,52
3,24	0,58
3,27	0,51
3,29	0,59
3,32	0,50
3,34	0,55
3,36	0,51
3,39	0,57
3,41	0,52
3,44	0,58
3,46	0,52
3,49	0,58
3,51	0,54
3,54	0,58
3,56	0,55
3,58	0,58
3,61	0,54
3,63	0,60
3,66	0,59
3,68	0,64
3,71	0,62
3,73	0,62
3,76	0,60
3,78	0,61
3,80	0,59
3,83	0,60
3,85	0,56
3,88	0,56
3,90	0,55
3,93	0,55
3,95	0,58
3,98	0,56
4,00	0,57
4,02	0,56
4,05	0,54
4,07	0,54
4,10	0,57
4,12	0,55
4,15	0,57
4,17	0,55
4,20	0,57
4,22	0,57
4,24	0,61
4,27	0,59
4,29	0,62
4,32	0,57
4,34	0,58
4,37	0,57
4,39	0,62
4,42	0,58
4,44	0,62
4,46	0,56
4,49	0,64
4,51	0,62
4,54	0,67
4,56	0,60
4,59	0,63
4,61	0,57
4,63	0,63
4,66	0,57
4,68	0,60
4,71	0,53
4,73	0,58
4,76	0,53
4,78	0,58
4,81	0,53
4,83	0,59
4,85	0,54
4,88	0,60
4,90	0,56
4,93	0,63
4,95	0,59
4,98	0,64
5,00	0,58
5,03	0,66
5,05	0,60
5,07	0,66
5,10	0,63
5,12	0,68
5,15	0,65
5,17	0,70
5,20	0,66
5,22	0,73
5,25	0,68
5,27	0,69
5,29	0,64
5,32	0,66
5,34	0,63
5,37	0,67
5,39	0,64
5,42	0,66
5,44	0,64
5,47	0,66
5,49	0,67
5,51	0,68
5,54	0,66
5,56	0,67
5,59	0,67
5,61	0,67
5,64	0,70
5,66	0,71
5,68	0,73
5,71	0,72
5,73	0,72
5,76	0,72
5,78	0,75
5,81	0,73
5,83	0,78
5,86	0,74
5,88	0,76
5,90	0,74
5,93	0,80
5,95	0,80
5,98	0,84
6,00	0,76
6,03	0,82
6,05	0,77
6,08	0,84
6,10	0,79
6,12	0,82
6,15	0,77
6,17	0,84
6,20	0,79
6,22	0,87
6,25	0,82
6,27	0,87
6,30	0,83
6,32	0,90
6,34	0,85
6,37	0,93
6,39	0,88
6,42	0,92
6,44	0,87
6,47	0,92
6,49	0,88
6,52	0,94
6,54	0,88
6,56	0,97
6,59	0,93
6,61	1,00
6,64	0,96
6,66	1,02
6,69	0,99
6,71	1,06
6,73	1,00
6,76	1,10
6,78	1,04
6,81	1,07
6,83	1,03
6,86	1,07
6,88	1,04
6,91	1,09
6,93	1,03
6,95	1,07
6,98	1,06
7,00	1,08
7,03	1,09
7,05	1,14
7,08	1,12
7,10	1,14
7,13	1,12
7,15	1,15
7,17	1,16
7,20	1,15
7,22	1,14
7,25	1,15
7,27	1,15
7,30	1,19
7,32	1,22
7,35	1,24
7,37	1,26
7,39	1,25
7,42	1,28
7,44	1,28
7,47	1,30
7,49	1,30
7,52	1,31
7,54	1,28
7,57	1,31
7,59	1,27
7,61	1,32
7,64	1,29
7,66	1,31
7,69	1,28
7,71	1,32
7,74	1,29
7,76	1,38
7,78	1,34
7,81	1,40
7,83	1,37
7,86	1,42
7,88	1,40
7,91	1,46
7,93	1,37
7,96	1,44
7,98	1,36
8,00	1,41
8,03	1,38
8,05	1,43
8,08	1,37
8,10	1,45
8,13	1,38
8,15	1,48
8,18	1,43
8,20	1,48
8,22	1,43
8,25	1,48
8,27	1,41
8,30	1,50
8,32	1,42
8,35	1,48
8,37	1,41
8,40	1,47
8,42	1,44
8,44	1,51
8,47	1,45
8,49	1,53
8,52	1,46
8,54	1,52
8,57	1,49
8,59	1,55
8,62	1,52
8,64	1,54
8,66	1,49
8,69	1,54
8,71	1,52
8,74	1,56
8,76	1,56
8,79	1,56
8,81	1,54
8,84	1,57
8,86	1,57
8,88	1,62
8,91	1,61
8,93	1,58
8,96	1,58
8,98	1,58
9,01	1,60
9,03	1,60
9,05	1,57
9,08	1,54
9,10	1,55
9,13	1,52
9,15	1,58
9,18	1,54
9,20	1,55
9,23	1,53
9,25	1,56
9,27	1,54
9,30	1,60
9,32	1,56
9,35	1,61
9,37	1,55
9,40	1,56
9,42	1,52
9,45	1,58
9,47	1,53
9,49	1,57
9,52	1,51
9,54	1,58
9,57	1,56
9,59	1,61
9,62	1,58
9,64	1,64
9,67	1,58
9,69	1,64
9,71	1,57
9,74	1,63
9,76	1,57
9,79	1,63
9,81	1,57
9,84	1,64
9,86	1,59
9,89	1,67
9,91	1,60
9,93	1,69
9,96	1,65
9,98	1,71
10,01	1,66
10,03	1,72
10,06	1,67
10,08	1,75
10,10	1,69
10,13	1,73
10,15	1,71
10,18	1,74
10,20	1,70
10,23	1,75
10,25	1,71
10,28	1,77
10,30	1,74
10,32	1,76
10,35	1,78
10,37	1,82
10,40	1,82
10,42	1,88
10,45	1,85
10,47	1,86
10,50	1,85
10,52	1,85
10,54	1,87
10,57	1,87
10,59	1,86
10,62	1,89
10,64	1,90
10,67	1,90
10,69	1,96
10,72	1,97
10,74	2,02
10,76	2,02
10,79	2,04
10,81	2,04
10,84	2,11
10,86	2,09
10,89	2,16
10,91	2,10
10,94	2,13
10,96	2,12
10,98	2,20
11,01	2,19
11,03	2,25
11,06	2,20
11,08	2,33
11,11	2,32
11,13	2,41
11,15	2,37
11,18	2,41
11,20	2,38
11,23	2,48
11,25	2,44
11,28	2,53
11,30	2,49
11,33	2,59
11,35	2,61
11,37	2,71
11,40	2,68
11,42	2,78
11,45	2,75
11,47	2,86
11,50	2,83
11,52	2,90
11,55	2,86
11,57	2,94
11,59	2,89
11,62	3,00
11,64	2,95
11,67	3,05
11,69	3,05
11,72	3,14
11,74	3,12
11,77	3,22
11,79	3,20
11,81	3,33
11,84	3,31
11,86	3,36
11,89	3,35
11,91	3,39
11,94	3,38
11,96	3,47
11,99	3,44
12,01	3,49
12,03	3,48
12,06	3,53
12,08	3,57
12,11	3,63
12,13	3,62
12,16	3,64
12,18	3,63
12,21	3,67
12,23	3,69
12,25	3,70
12,28	3,71
12,30	3,72
12,33	3,74
12,35	3,75
12,38	3,77
12,40	3,77
12,42	3,81
12,45	3,78
12,47	3,80
12,50	3,78
12,52	3,85
12,55	3,88
12,57	3,92
12,60	3,86
12,62	3,90
12,64	3,83
12,67	3,89
12,69	3,83
12,72	3,83
12,74	3,75
12,77	3,80
12,79	3,75
12,82	3,85
12,84	3,78
12,86	3,82
12,89	3,77
12,91	3,82
12,94	3,76
12,96	3,83
12,99	3,74
13,01	3,79
13,04	3,70
13,06	3,74
13,08	3,68
13,11	3,72
13,13	3,62
13,16	3,67
13,18	3,59
13,21	3,65
13,23	3,58
13,26	3,62
13,28	3,58
13,30	3,62
13,33	3,55
13,35	3,60
13,38	3,51
13,40	3,53
13,43	3,46
13,45	3,47
13,47	3,43
13,50	3,45
13,52	3,39
13,55	3,42
13,57	3,36
13,60	3,37
13,62	3,33
13,65	3,34
13,67	3,31
13,69	3,31
13,72	3,27
13,74	3,27
13,77	3,26
13,79	3,26
13,82	3,24
13,84	3,21
13,87	3,19
13,89	3,19
13,91	3,18
13,94	3,18
13,96	3,17
13,99	3,13
14,01	3,16
14,04	3,14
14,06	3,16
14,09	3,15
14,11	3,16
14,13	3,11
14,16	3,13
14,18	3,07
14,21	3,13
14,23	3,07
14,26	3,11
14,28	3,05
14,31	3,11
14,33	3,06
14,35	3,14
14,38	3,08
14,40	3,15
14,43	3,08
14,45	3,14
14,48	3,10
14,50	3,17
14,52	3,11
14,55	3,20
14,57	3,13
14,60	3,21
14,62	3,17
14,65	3,23
14,67	3,19
14,70	3,26
14,72	3,21
14,74	3,31
14,77	3,27
14,79	3,34
14,82	3,32
14,84	3,40
14,87	3,35
14,89	3,43
14,92	3,41
14,94	3,50
14,96	3,45
14,99	3,52
15,01	3,52
15,04	3,62
15,06	3,61
15,09	3,67
15,11	3,64
15,14	3,73
15,16	3,75
15,18	3,82
15,21	3,83
15,23	3,90
15,26	3,90
15,28	3,98
15,31	4,01
15,33	4,07
15,36	4,10
15,38	4,15
15,40	4,16
15,43	4,22
15,45	4,27
15,48	4,35
15,50	4,41
15,53	4,43
15,55	4,49
15,57	4,54
15,60	4,64
15,62	4,69
15,65	4,76
15,67	4,77
15,70	4,84
15,72	4,87
15,75	4,99
15,77	5,01
15,79	5,11
15,82	5,12
15,84	5,23
15,87	5,28
15,89	5,43
15,92	5,44
15,94	5,57
15,97	5,58
15,99	5,72
16,01	5,77
16,04	5,91
16,06	5,92
16,09	6,05
16,11	6,07
16,14	6,21
16,16	6,24
16,19	6,38
16,21	6,42
16,23	6,58
16,26	6,62
16,28	6,78
16,31	6,81
16,33	6,95
16,36	6,97
16,38	7,10
16,41	7,12
16,43	7,25
16,45	7,27
16,48	7,42
16,50	7,45
16,53	7,60
16,55	7,66
16,58	7,82
16,60	7,88
16,63	8,02
16,65	8,06
16,67	8,20
16,70	8,23
16,72	8,36
16,75	8,41
16,77	8,50
16,80	8,52
16,82	8,63
16,84	8,68
16,87	8,82
16,89	8,86
16,92	8,92
16,94	8,97
16,97	9,03
16,99	9,08
17,02	9,14
17,04	9,14
17,06	9,15
17,09	9,16
17,11	9,18
17,14	9,21
17,16	9,20
17,19	9,21
17,21	9,20
17,24	9,22
17,26	9,20
17,28	9,23
17,31	9,20
17,33	9,24
17,36	9,17
17,38	9,15
17,41	9,10
17,43	9,13
17,46	9,05
17,48	9,08
17,50	8,97
17,53	8,97
17,55	8,89
17,58	8,92
17,60	8,82
17,63	8,82
17,65	8,69
17,68	8,70
17,70	8,57
17,72	8,58
17,75	8,44
17,77	8,43
17,80	8,28
17,82	8,28
17,85	8,14
17,87	8,14
17,89	7,98
17,92	7,97
17,94	7,83
17,97	7,82
17,99	7,65
18,02	7,65
18,04	7,50
18,07	7,51
18,09	7,36
18,11	7,35
18,14	7,22
18,16	7,22
18,19	7,08
18,21	7,09
18,24	6,98
18,26	6,98
18,29	6,85
18,31	6,80
18,33	6,69
18,36	6,66
18,38	6,55
18,41	6,53
18,43	6,41
18,46	6,37
18,48	6,29
18,51	6,24
18,53	6,18
18,55	6,15
18,58	6,05
18,60	6,02
18,63	5,95
18,65	5,91
18,68	5,88
18,70	5,84
18,73	5,78
18,75	5,74
18,77	5,68
18,80	5,66
18,82	5,66
18,85	5,59
18,87	5,59
18,90	5,53
18,92	5,52
18,94	5,50
18,97	5,51
18,99	5,47
19,02	5,50
19,04	5,42
19,07	5,47
19,09	5,43
19,12	5,46
19,14	5,43
19,16	5,44
19,19	5,36
19,21	5,43
19,24	5,37
19,26	5,45
19,29	5,39
19,31	5,45
19,34	5,42
19,36	5,51
19,38	5,48
19,41	5,59
19,43	5,55
19,46	5,65
19,48	5,62
19,51	5,73
19,53	5,70
19,56	5,79
19,58	5,75
19,60	5,86
19,63	5,84
19,65	5,94
19,68	5,95
19,70	6,06
19,73	6,08
19,75	6,21
19,78	6,22
19,80	6,35
19,82	6,38
19,85	6,46
19,87	6,47
19,90	6,57
19,92	6,58
19,95	6,70
19,97	6,74
19,99	6,84
20,02	6,89
20,04	7,00
20,07	7,07
20,09	7,21
20,12	7,29
20,14	7,41
20,17	7,49
20,19	7,59
20,21	7,69
20,24	7,81
20,26	7,91
20,29	7,98
20,31	8,07
20,34	8,18
20,36	8,32
20,39	8,45
20,41	8,60
20,43	8,70
20,46	8,85
20,48	8,97
20,51	9,13
20,53	9,25
20,56	9,39
20,58	9,44
20,61	9,60
20,63	9,66
20,65	9,84
20,68	9,94
20,70	10,12
20,73	10,21
20,75	10,40
20,78	10,49
20,80	10,75
20,83	10,84
20,85	11,05
20,87	11,16
20,90	11,37
20,92	11,47
20,95	11,69
20,97	11,74
21,00	11,94
21,02	12,03
21,05	12,24
21,07	12,37
21,09	12,61
21,12	12,72
21,14	12,98
21,17	13,13
21,19	13,37
21,22	13,51
21,24	13,72
21,26	13,84
21,29	14,08
21,31	14,21
21,34	14,44
21,36	14,55
21,39	14,76
21,41	14,91
21,44	15,15
21,46	15,29
21,48	15,53
21,51	15,66
21,53	15,91
21,56	16,05
21,58	16,24
21,61	16,38
21,63	16,60
21,66	16,71
21,68	16,88
21,70	16,97
21,73	17,12
21,75	17,26
21,78	17,40
21,80	17,49
21,83	17,62
21,85	17,69
21,88	17,83
21,90	17,91
21,92	17,99
21,95	18,05
21,97	18,07
22,00	18,11
22,02	18,14
22,05	18,14
22,07	18,15
22,10	18,14
22,12	18,10
22,14	18,09
22,17	18,02
22,19	18,02
22,22	17,95
22,24	17,90
22,27	17,79
22,29	17,73
22,31	17,63
22,34	17,63
22,36	17,51
22,39	17,46
22,41	17,31
22,44	17,25
22,46	17,09
22,49	17,02
22,51	16,80
22,53	16,69
22,56	16,46
22,58	16,35
22,61	16,14
22,63	16,06
22,66	15,85
22,68	15,77
22,71	15,53
22,73	15,46
22,75	15,18
22,78	15,10
22,80	14,84
22,83	14,69
22,85	14,41
22,88	14,30
22,90	14,03
22,93	13,96
22,95	13,67
22,97	13,56
23,00	13,35
23,02	13,25
23,05	13,00
23,07	12,91
23,10	12,66
23,12	12,55
23,15	12,31
23,17	12,19
23,19	11,96
23,22	11,83
23,24	11,58
23,27	11,47
23,29	11,28
23,32	11,17
23,34	10,99
23,36	10,89
23,39	10,72
23,41	10,63
23,44	10,48
23,46	10,44
23,49	10,29
23,51	10,18
23,54	10,05
23,56	9,95
23,58	9,87
23,61	9,79
23,63	9,66
23,66	9,57
23,68	9,48
23,71	9,42
23,73	9,39
23,76	9,31
23,78	9,27
23,80	9,22
23,83	9,20
23,85	9,14
23,88	9,16
23,90	9,14
23,93	9,16
23,95	9,10
23,98	9,11
24,00	9,07
24,02	9,12
24,05	9,06
24,07	9,08
24,10	9,01
24,12	9,09
24,15	9,05
24,17	9,14
24,20	9,15
24,22	9,23
24,24	9,21
24,27	9,33
24,29	9,31
24,32	9,45
24,34	9,44
24,37	9,54
24,39	9,55
24,42	9,67
24,44	9,68
24,46	9,84
24,49	9,85
24,51	9,99
24,54	10,04
24,56	10,19
24,59	10,25
24,61	10,42
24,63	10,47
24,66	10,64
24,68	10,72
24,71	10,90
24,73	10,97
24,76	11,13
24,78	11,20
24,81	11,37
24,83	11,46
24,85	11,64
24,88	11,73
24,90	11,92
24,93	12,07
24,95	12,26
24,98	12,40
25,00	12,63
25,03	12,76
25,05	12,95
25,07	13,07
25,10	13,22
25,12	13,38
25,15	13,56
25,17	13,68
25,20	13,88
25,22	14,04
25,25	14,24
25,27	14,50
25,29	14,72
25,32	14,94
25,34	15,14
25,37	15,36
25,39	15,56
25,42	15,79
25,44	15,94
25,47	16,18
25,49	16,32
25,51	16,55
25,54	16,71
25,56	16,99
25,59	17,20
25,61	17,51
25,64	17,66
25,66	18,00
25,68	18,22
25,71	18,55
25,73	18,76
25,76	19,06
25,78	19,20
25,81	19,51
25,83	19,69
25,86	20,00
25,88	20,14
25,90	20,43
25,93	20,65
25,95	21,01
25,98	21,24
26,00	21,60
26,03	21,81
26,05	22,20
26,08	22,45
26,10	22,81
26,12	23,01
26,15	23,32
26,17	23,50
26,20	23,87
26,22	24,06
26,25	24,38
26,27	24,59
26,30	24,94
26,32	25,23
26,34	25,59
26,37	25,82
26,39	26,18
26,42	26,42
26,44	26,75
26,47	26,94
26,49	27,19
26,52	27,39
26,54	27,67
26,56	27,82
26,59	28,08
26,61	28,22
26,64	28,48
26,66	28,71
26,69	28,97
26,71	29,16
26,73	29,39
26,76	29,52
26,78	29,70
26,81	29,84
26,83	29,96
26,86	30,03
26,88	30,10
26,91	30,16
26,93	30,24
26,95	30,30
26,98	30,34
27,00	30,37
27,03	30,35
27,05	30,37
27,08	30,35
27,10	30,35
27,13	30,34
27,15	30,30
27,17	30,18
27,20	30,13
27,22	30,00
27,25	29,94
27,27	29,80
27,30	29,70
27,32	29,52
27,35	29,38
27,37	29,17
27,39	29,08
27,42	28,84
27,44	28,70
27,47	28,41
27,49	28,23
27,52	27,99
27,54	27,88
27,57	27,58
27,59	27,41
27,61	27,06
27,64	26,89
27,66	26,57
27,69	26,36
27,71	25,97
27,74	25,73
27,76	25,33
27,78	25,10
27,81	24,69
27,83	24,44
27,86	24,09
27,88	23,86
27,91	23,48
27,93	23,29
27,96	22,91
27,98	22,72
28,00	22,34
28,03	22,06
28,05	21,68
28,08	21,43
28,10	21,04
28,13	20,79
28,15	20,40
28,18	20,15
28,20	19,81
28,22	19,62
28,25	19,32
28,27	19,12
28,30	18,81
28,32	18,63
28,35	18,39
28,37	18,22
28,40	17,95
28,42	17,72
28,44	17,47
28,47	17,32
28,49	17,11
28,52	16,96
28,54	16,75
28,57	16,59
28,59	16,46
28,62	16,33
28,64	16,22
28,66	16,12
28,69	16,00
28,71	15,89
28,74	15,78
28,76	15,67
28,79	15,62
28,81	15,51
28,84	15,47
28,86	15,36
28,88	15,36
28,91	15,27
28,93	15,30
28,96	15,24
28,98	15,27
29,01	15,19
29,03	15,23
29,05	15,19
29,08	15,28
29,10	15,25
29,13	15,35
29,15	15,31
29,18	15,44
29,20	15,46
29,23	15,60
29,25	15,63
29,27	15,76
29,30	15,77
29,32	15,96
29,35	15,98
29,37	16,14
29,40	16,20
29,42	16,37
29,45	16,45
29,47	16,65
29,49	16,75
29,52	16,98
29,54	17,08
29,57	17,30
29,59	17,41
29,62	17,61
29,64	17,70
29,67	17,90
29,69	18,01
29,71	18,25
29,74	18,37
29,76	18,61
29,79	18,79
29,81	19,08
29,84	19,27
29,86	19,56
29,89	19,76
29,91	20,05
29,93	20,29
29,96	20,55
29,98	20,74
30,01	20,99
30,03	21,19
30,06	21,47
30,08	21,68
30,10	21,91
30,13	22,17
30,15	22,45
30,18	22,74
30,20	23,06
30,23	23,34
30,25	23,64
30,28	23,93
30,30	24,18
30,32	24,51
30,35	24,79
30,37	25,08
30,40	25,34
30,42	25,66
30,45	25,94
30,47	26,38
30,50	26,68
30,52	27,09
30,54	27,38
30,57	27,81
30,59	28,18
30,62	28,64
30,64	28,93
30,67	29,31
30,69	29,56
30,72	29,98
30,74	30,26
30,76	30,63
30,79	30,91
30,81	31,32
30,84	31,68
30,86	32,18
30,89	32,56
30,91	33,03
30,94	33,39
30,96	33,87
30,98	34,26
31,01	34,66
31,03	34,96
31,06	35,38
31,08	35,69
31,11	36,13
31,13	36,48
31,15	36,93
31,18	37,31
31,20	37,80
31,23	38,15
31,25	38,65
31,28	39,02
31,30	39,46
31,33	39,84
31,35	40,29
31,37	40,61
31,40	41,04
31,42	41,36
31,45	41,79
31,47	42,13
31,50	42,49
31,52	42,83
31,55	43,23
31,57	43,56
31,59	43,97
31,62	44,26
31,64	44,59
31,67	44,85
31,69	45,18
31,72	45,43
31,74	45,66
31,77	45,81
31,79	46,01
31,81	46,16
31,84	46,34
31,86	46,47
31,89	46,61
31,91	46,73
31,94	46,84
31,96	46,91
31,99	47,00
32,01	47,10
32,03	47,15
32,06	47,24
32,08	47,24
32,11	47,25
32,13	47,24
32,16	47,24
32,18	47,18
32,20	47,13
32,23	46,97
32,25	46,91
32,28	46,78
32,30	46,71
32,33	46,56
32,35	46,43
32,38	46,20
32,40	46,06
32,42	45,85
32,45	45,73
32,47	45,47
32,50	45,28
32,52	44,96
32,55	44,75
32,57	44,40
32,60	44,17
32,62	43,75
32,64	43,48
32,67	43,04
32,69	42,74
32,72	42,30
32,74	42,05
32,77	41,62
32,79	41,38
32,82	40,89
32,84	40,60
32,86	40,14
32,89	39,87
32,91	39,33
32,94	38,95
32,96	38,38
32,99	38,05
33,01	37,54
33,04	37,16
33,06	36,60
33,08	36,25
33,11	35,79
33,13	35,48
33,16	35,03
33,18	34,71
33,21	34,25
33,23	33,94
33,26	33,55
33,28	33,24
33,30	32,79
33,33	32,43
33,35	31,99
33,38	31,69
33,40	31,32
33,43	31,01
33,45	30,64
33,47	30,36
33,50	30,06
33,52	29,85
33,55	29,55
33,57	29,33
33,60	29,06
33,62	28,82
33,65	28,58
33,67	28,36
33,69	28,13
33,72	27,97
33,74	27,76
33,77	27,56
33,79	27,41
33,82	27,24
33,84	27,13
33,87	26,99
33,89	26,89
33,91	26,78
33,94	26,74
33,96	26,62
33,99	26,64
34,01	26,57
34,04	26,58
34,06	26,51
34,09	26,55
34,11	26,53
34,13	26,61
34,16	26,57
34,18	26,64
34,21	26,63
34,23	26,75
34,26	26,81
34,28	26,95
34,31	26,97
34,33	27,16
34,35	27,24
34,38	27,46
34,40	27,56
34,43	27,75
34,45	27,86
34,48	28,09
34,50	28,19
34,52	28,44
34,55	28,55
34,57	28,82
34,60	28,98
34,62	29,24
34,65	29,43
34,67	29,73
34,70	29,91
34,72	30,26
34,74	30,50
34,77	30,87
34,79	31,16
34,82	31,51
34,84	31,76
34,87	32,11
34,89	32,35
34,92	32,68
34,94	32,92
34,96	33,27
34,99	33,59
35,01	33,99
35,04	34,33
35,06	34,75
35,09	35,08
35,11	35,53
35,14	35,92
35,16	36,32
35,18	36,65
35,21	36,99
35,23	37,34
35,26	37,74
35,28	38,08
35,31	38,39
35,33	38,75
35,36	39,17
35,38	39,67
35,40	40,12
35,43	40,59
35,45	41,05
35,48	41,57
35,50	42,02
35,53	42,60
35,55	42,99
35,57	43,46
35,60	43,82
35,62	44,31
35,65	44,72
35,67	45,26
35,70	45,62
35,72	46,24
35,75	46,68
35,77	47,32
35,79	47,80
35,82	48,39
35,84	48,81
35,87	49,24
35,89	49,48
35,92	49,78
35,94	49,88
35,97	50,00
35,99	50,00
36,01	50,00
36,04	50,00
36,06	50,00
36,09	50,00
36,11	50,00
36,14	50,00
36,16	50,00
36,19	50,00
36,21	50,00
36,23	50,00
36,26	50,00
36,28	50,00
36,31	50,00
36,33	50,00
36,36	50,00
36,38	50,00
36,41	50,00
36,43	50,00
36,45	50,00
36,48	50,00
36,50	50,00
36,53	50,00
36,55	50,00
36,58	50,00
36,60	50,00
36,62	50,00
36,65	50,00
36,67	50,00
36,70	50,00
36,72	50,00
36,75	50,00
36,77	50,00
36,80	50,00
36,82	50,00
36,84	50,00
36,87	50,00
36,89	50,00
36,92	50,00
36,94	50,00
36,97	50,00
36,99	50,00
37,02	50,00
37,04	50,00
37,06	50,00
37,09	50,00
37,11	50,00
37,14	50,00
37,16	50,00
37,19	50,00
37,21	50,00
37,24	50,00
37,26	50,00
37,28	50,00
37,31	50,00
37,33	50,00
37,36	50,00
37,38	50,00
37,41	50,00
37,43	50,00
37,46	50,00
37,48	50,00
37,50	50,00
37,53	50,00
37,55	50,00
37,58	50,00
37,60	50,00
37,63	50,00
37,65	50,00
37,68	50,00
37,70	50,00
37,72	50,00
37,75	50,00
37,77	50,00
37,80	50,00
37,82	50,00
37,85	50,00
37,87	50,00
37,89	50,00
37,92	50,00
37,94	50,00
37,97	50,00
37,99	50,00
38,02	50,00
38,04	50,00
38,07	50,00
38,09	50,00
38,11	50,00
38,14	50,00
38,16	50,00
38,19	50,00
38,21	50,00
38,24	50,00
38,26	50,00
38,29	50,00
38,31	50,00
38,33	50,00
38,36	50,00
38,38	50,00
38,41	50,00
38,43	50,00
38,46	50,00
38,48	50,00
38,51	50,00
38,53	50,00
38,55	50,00
38,58	50,00
38,60	50,00
38,63	50,00
38,65	50,00
38,68	50,00
38,70	50,00
38,73	50,00
38,75	50,00
38,77	50,00
38,80	49,98
38,82	49,90
38,85	49,80
38,87	49,60
38,90	49,44
38,92	49,24
38,94	49,02
38,97	48,80
38,99	48,59
39,02	48,39
39,04	48,35
39,07	48,22
39,09	48,14
39,12	48,04
39,14	48,00
39,16	47,95
39,19	47,99
39,21	47,94
39,24	47,98
39,26	47,95
39,29	48,02
39,31	48,02
39,34	48,16
39,36	48,20
39,38	48,34
39,41	48,36
39,43	48,57
39,46	48,66
39,48	48,88
39,51	48,99
39,53	49,21
39,56	49,35
39,58	49,56
39,60	49,67
39,63	49,83
39,65	49,89
39,68	49,98
39,70	49,98
39,73	50,00
39,75	50,00
39,78	50,00
39,80	50,00
39,82	50,00
39,85	50,00
39,87	50,00
39,90	50,00
39,92	50,00
39,95	50,00
39,97	50,00
39,99	50,00
40,02	50,00
40,04	50,00
40,07	50,00
40,09	50,00
40,12	50,00
40,14	50,00
40,17	50,00
40,19	50,00
40,21	50,00
40,24	50,00
40,26	50,00
40,29	50,00
40,31	50,00
40,34	50,00
40,36	50,00
40,39	50,00
40,41	50,00
40,43	50,00
40,46	50,00
40,48	50,00
40,51	50,00
40,53	50,00
40,56	50,00
40,58	50,00
40,61	50,00
40,63	50,00
40,65	50,00
40,68	50,00
40,70	50,00
40,73	50,00
40,75	50,00
40,78	50,00
40,80	50,00
40,83	50,00
40,85	50,00
40,87	50,00
40,90	50,00
40,92	50,00
40,95	50,00
40,97	50,00
41,00	50,00
41,02	50,00
41,05	50,00
41,07	50,00
41,09	50,00
41,12	50,00
41,14	50,00
41,17	50,00
41,19	50,00
41,22	50,00
41,24	50,00
41,26	50,00
41,29	50,00
41,31	50,00
41,34	50,00
41,36	50,00
41,39	50,00
41,41	50,00
41,44	50,00
41,46	50,00
41,48	50,00
41,51	50,00
41,53	50,00
41,56	50,00
41,58	50,00
41,61	50,00
41,63	50,00
41,66	50,00
41,68	50,00
41,70	50,00
41,73	50,00
41,75	50,00
41,78	50,00
41,80	50,00
41,83	50,00
41,85	50,00
41,88	50,00
41,90	50,00
41,92	50,00
41,95	50,00
41,97	50,00
42,00	50,00
42,02	50,00
42,05	50,00
42,07	50,00
42,10	50,00
42,12	50,00
42,14	50,00
42,17	50,00
42,19	50,00
42,22	50,00
42,24	50,00
42,27	50,00
42,29	50,00
42,31	50,00
42,34	50,00
42,36	50,00
42,39	50,00
42,41	50,00
42,44	50,00
42,46	50,00
42,49	50,00
42,51	50,00
42,53	50,00
42,56	50,00
42,58	50,00
42,61	50,00
42,63	50,00
42,66	50,00
42,68	50,00
42,71	50,00
42,73	50,00
42,75	50,00
42,78	50,00
42,80	50,00
42,83	50,00
42,85	50,00
42,88	50,00
42,90	50,00
42,93	50,00
42,95	50,00
42,97	50,00
43,00	50,00
43,02	50,00
43,05	50,00
43,07	50,00
43,10	50,00
43,12	50,00
43,15	50,00
43,17	50,00
43,19	50,00
43,22	50,00
43,24	50,00
43,27	50,00
43,29	50,00
43,32	50,00
43,34	50,00
43,36	50,00
43,39	50,00
43,41	50,00
43,44	50,00
43,46	50,00
43,49	50,00
43,51	50,00
43,54	50,00
43,56	50,00
43,58	50,00
43,61	50,00
43,63	50,00
43,66	50,00
43,68	50,00
43,71	50,00
43,73	50,00
43,76	50,00
43,78	50,00
43,80	50,00
43,83	50,00
43,85	50,00
43,88	50,00
43,90	50,00
43,93	50,00
43,95	50,00
43,98	50,00
44,00	50,00
44,02	50,00
44,05	50,00
44,07	50,00
44,10	50,00
44,12	50,00
44,15	50,00
44,17	50,00
44,20	50,00
44,22	50,00
44,24	50,00
44,27	50,00
44,29	50,00
44,32	50,00
44,34	50,00
44,37	50,00
44,39	50,00
44,41	50,00
44,44	50,00
44,46	50,00
44,49	50,00
44,51	50,00
44,54	50,00
44,56	50,00
44,59	50,00
44,61	50,00
44,63	50,00
44,66	50,00
44,68	50,00
44,71	50,00
44,73	50,00
44,76	50,00
44,78	50,00
44,81	50,00
44,83	50,00
44,85	50,00
44,88	50,00
44,90	50,00
44,93	50,00
44,95	50,00
44,98	50,00
45,00	50,00
45,03	50,00
45,05	50,00
45,07	50,00
45,10	50,00
45,12	50,00
45,15	50,00
45,17	50,00
45,20	50,00
45,22	50,00
45,25	50,00
45,27	50,00
45,29	50,00
45,32	50,00
45,34	50,00
45,37	50,00
45,39	50,00
45,42	50,00
45,44	50,00
45,47	50,00
45,49	50,00
45,51	50,00
45,54	50,00
45,56	50,00
45,59	50,00
45,61	50,00
45,64	50,00
45,66	50,00
45,68	50,00
45,71	50,00
45,73	50,00
45,76	50,00
45,78	50,00
45,81	50,00
45,83	50,00
45,86	50,00
45,88	50,00
45,90	50,00
45,93	50,00
45,95	50,00
45,98	50,00
46,00	50,00
46,03	50,00
46,05	50,00
46,08	50,00
46,10	50,00
46,12	50,00
46,15	50,00
46,17	50,00
46,20	50,00
46,22	50,00
46,25	50,00
46,27	50,00
46,30	50,00
46,32	50,00
46,34	50,00
46,37	50,00
46,39	50,00
46,42	50,00
46,44	50,00
46,47	50,00
46,49	50,00
46,52	50,00
46,54	50,00
46,56	50,00
46,59	50,00
46,61	50,00
46,64	50,00
46,66	50,00
46,69	50,00
46,71	50,00
46,73	50,00
46,76	50,00
46,78	50,00
46,81	50,00
46,83	50,00
46,86	50,00
46,88	50,00
46,91	50,00
46,93	50,00
46,95	50,00
46,98	50,00
47,00	50,00
47,03	50,00
47,05	50,00
47,08	50,00
47,10	50,00
47,13	50,00
47,15	50,00
47,17	50,00
47,20	50,00
47,22	50,00
47,25	50,00
47,27	50,00
47,30	50,00
47,32	50,00
47,35	50,00
47,37	50,00
47,39	50,00
47,42	50,00
47,44	50,00
47,47	50,00
47,49	50,00
47,52	50,00
47,54	50,00
47,57	50,00
47,59	50,00
47,61	50,00
47,64	50,00
47,66	50,00
47,69	50,00
47,71	50,00
47,74	50,00
47,76	50,00
47,78	50,00
47,81	50,00
47,83	50,00
47,86	50,00
47,88	50,00
47,91	50,00
47,93	50,00
47,96	50,00
47,98	50,00
48,00	50,00
48,03	50,00
48,05	50,00
48,08	50,00
48,10	50,00
48,13	50,00
48,15	50,00
48,18	50,00
48,20	50,00
48,22	50,00
48,25	50,00
48,27	50,00
48,30	50,00
48,32	50,00
48,35	50,00
48,37	50,00
48,40	50,00
48,42	50,00
48,44	50,00
48,47	50,00
48,49	50,00
48,52	50,00
48,54	50,00
48,57	50,00
48,59	50,00
48,62	50,00
48,64	50,00
48,66	50,00
48,69	50,00
48,71	50,00
48,74	50,00
48,76	50,00
48,79	50,00
48,81	50,00
48,84	50,00
48,86	50,00
48,88	50,00
48,91	50,00
48,93	50,00
48,96	50,00
48,98	50,00
49,01	50,00
49,03	50,00
49,05	50,00
49,08	50,00
49,10	50,00
49,13	50,00
49,15	50,00
49,18	50,00
49,20	50,00
49,23	50,00
49,25	50,00
49,27	50,00
49,30	50,00
49,32	50,00
49,35	50,00
49,37	50,00
49,40	50,00
49,42	50,00
49,45	50,00
49,47	50,00
49,49	50,00
49,52	50,00
49,54	50,00
49,57	50,00
49,59	50,00
49,62	50,00
49,64	50,00
49,67	50,00
49,69	50,00
49,71	50,00
49,74	50,00
49,76	50,00
49,79	50,00
49,81	50,00
49,84	50,00
49,86	50,00
49,89	50,00
49,91	50,00
49,93	50,00
49,96	50,00
49,98	50,00
50,01	50,00
50,03	50,00
50,06	50,00
50,08	50,00
50,10	50,00
50,13	50,00
50,15	50,00
50,18	50,00
50,20	50,00
50,23	50,00
50,25	50,00
50,28	50,00
50,30	50,00
50,32	50,00
50,35	50,00
50,37	50,00
50,40	50,00
50,42	50,00
50,45	50,00
50,47	50,00
50,50	50,00
50,52	50,00
50,54	50,00
50,57	50,00
50,59	50,00
50,62	50,00
50,64	50,00
50,67	50,00
50,69	50,00
50,72	50,00
50,74	50,00
50,76	50,00
50,79	50,00
50,81	50,00
50,84	50,00
50,86	50,00
50,89	50,00
50,91	50,00
50,94	50,00
50,96	50,00
50,98	50,00
51,01	50,00
51,03	50,00
51,06	50,00
51,08	50,00
51,11	50,00
51,13	50,00
51,15	50,00
51,18	50,00
51,20	50,00
51,23	50,00
51,25	50,00
51,28	50,00
51,30	50,00
51,33	50,00
51,35	50,00
51,37	50,00
51,40	50,00
51,42	50,00
51,45	50,00
51,47	50,00
51,50	50,00
51,52	50,00
51,55	50,00
51,57	50,00
51,59	50,00
51,62	50,00
51,64	50,00
51,67	50,00
51,69	50,00
51,72	50,00
51,74	50,00
51,77	50,00
51,79	50,00
51,81	50,00
51,84	50,00
51,86	50,00
51,89	50,00
51,91	50,00
51,94	50,00
51,96	50,00
51,99	50,00
52,01	50,00
52,03	50,00
52,06	50,00
52,08	50,00
52,11	50,00
52,13	50,00
52,16	50,00
52,18	50,00
52,20	50,00
52,23	50,00
52,25	50,00
52,28	50,00
52,30	50,00
52,33	50,00
52,35	50,00
52,38	50,00
52,40	50,00
52,42	50,00
52,45	50,00
52,47	50,00
52,50	50,00
52,52	50,00
52,55	50,00
52,57	50,00
52,60	50,00
52,62	50,00
52,64	50,00
52,67	50,00
52,69	50,00
52,72	50,00
52,74	50,00
52,77	50,00
52,79	50,00
52,82	50,00
52,84	50,00
52,86	50,00
52,89	50,00
52,91	50,00
52,94	50,00
52,96	50,00
52,99	50,00
53,01	50,00
53,04	50,00
53,06	50,00
53,08	50,00
53,11	50,00
53,13	50,00
53,16	50,00
53,18	50,00
53,21	50,00
53,23	50,00
53,26	50,00
53,28	50,00
53,30	50,00
53,33	50,00
53,35	50,00
53,38	50,00
53,40	50,00
53,43	50,00
53,45	50,00
53,47	50,00
53,50	50,00
53,52	50,00
53,55	50,00
53,57	50,00
53,60	50,00
53,62	50,00
53,65	50,00
53,67	50,00
53,69	50,00
53,72	50,00
53,74	50,00
53,77	50,00
53,79	50,00
53,82	50,00
53,84	50,00
53,87	50,00
53,89	50,00
53,91	50,00
53,94	50,00
53,96	50,00
53,99	50,00
54,01	50,00
54,04	50,00
54,06	50,00
54,09	50,00
54,11	50,00
54,13	50,00
54,16	50,00
54,18	50,00
54,21	50,00
54,23	50,00
54,26	50,00
54,28	50,00
54,31	50,00
54,33	50,00
54,35	50,00
54,38	50,00
54,40	50,00
54,43	50,00
54,45	50,00
54,48	50,00
54,50	50,00
54,52	50,00
54,55	50,00
54,57	50,00
54,60	50,00
54,62	50,00
54,65	50,00
54,67	50,00
54,70	50,00
54,72	50,00
54,74	50,00
54,77	50,00
54,79	50,00
54,82	50,00
54,84	50,00
54,87	50,00
54,89	50,00
54,92	50,00
54,94	50,00
54,96	50,00
54,99	50,00
55,01	50,00
55,04	50,00
55,06	50,00
55,09	50,00
55,11	50,00
55,14	50,00
55,16	50,00
55,18	50,00
55,21	50,00
55,23	50,00
55,26	50,00
55,28	50,00
55,31	50,00
55,33	50,00
55,36	50,00
55,38	50,00
55,40	50,00
55,43	50,00
55,45	50,00
55,48	50,00
55,50	50,00
55,53	50,00
55,55	50,00
55,57	50,00
55,60	50,00
55,62	50,00
55,65	50,00
55,67	50,00
55,70	50,00
55,72	50,00
55,75	50,00
55,77	50,00
55,79	50,00
55,82	50,00
55,84	50,00
55,87	50,00
55,89	50,00
55,92	50,00
55,94	50,00
55,97	50,00
55,99	50,00
56,01	50,00
56,04	50,00
56,06	50,00
56,09	50,00
56,11	50,00
56,14	50,00
56,16	50,00
56,19	50,00
56,21	50,00
56,23	50,00
56,26	50,00
56,28	50,00
56,31	50,00
56,33	50,00
56,36	50,00
56,38	50,00
56,41	50,00
56,43	50,00
56,45	50,00
56,48	50,00
56,50	50,00
56,53	50,00
56,55	50,00
56,58	50,00
56,60	50,00
56,62	50,00
56,65	50,00
56,67	50,00
56,70	50,00
56,72	50,00
56,75	50,00
56,77	50,00
56,80	50,00
56,82	50,00
56,84	50,00
56,87	50,00
56,89	50,00
56,92	50,00
56,94	50,00
56,97	50,00
56,99	50,00
57,02	50,00
57,04	50,00
57,06	50,00
57,09	50,00
57,11	50,00
57,14	50,00
57,16	50,00
57,19	50,00
57,21	50,00
57,24	50,00
57,26	50,00
57,28	50,00
57,31	50,00
57,33	50,00
57,36	50,00
57,38	50,00
57,41	50,00
57,43	50,00
57,46	50,00
57,48	50,00
57,50	50,00
57,53	50,00
57,55	50,00
57,58	50,00
57,60	50,00
57,63	50,00
57,65	50,00
57,68	50,00
57,70	50,00
57,72	50,00
57,75	50,00
57,77	50,00
57,80	50,00
57,82	50,00
57,85	50,00
57,87	50,00
57,89	50,00
57,92	50,00
57,94	50,00
57,97	50,00
57,99	50,00
58,02	50,00
58,04	50,00
58,07	50,00
58,09	50,00
58,11	50,00
58,14	50,00
58,16	50,00
58,19	50,00
58,21	50,00
58,24	50,00
58,26	50,00
58,29	50,00
58,31	50,00
58,33	50,00
58,36	50,00
58,38	50,00
58,41	50,00
58,43	50,00
58,46	50,00
58,48	50,00
58,51	50,00
58,53	50,00
58,55	50,00
58,58	50,00
58,60	50,00
58,63	50,00
58,65	50,00
58,68	50,00
58,70	50,00
58,73	50,00
58,75	50,00
58,77	50,00
58,80	50,00
58,82	50,00
58,85	50,00
58,87	50,00
58,90	50,00
58,92	50,00
58,94	50,00
58,97	50,00
58,99	50,00
59,02	50,00
59,04	50,00
59,07	50,00
59,09	50,00
59,12	50,00
59,14	50,00
59,16	50,00
59,19	50,00
59,21	50,00
59,24	50,00
59,26	50,00
59,29	50,00
59,31	50,00
59,34	50,00
59,36	50,00
59,38	50,00
59,41	50,00
59,43	50,00
59,46	50,00
59,48	50,00
59,51	50,00
59,53	50,00
59,56	50,00
59,58	50,00
59,60	50,00
59,63	50,00
59,65	50,00
59,68	50,00
59,70	50,00
59,73	50,00
59,75	50,00
59,78	50,00
59,80	50,00
59,82	50,00
59,85	50,00
59,87	50,00
59,90	50,00
59,92	50,00
59,95	50,00
59,97	50,00
59,99	50,00
