Voltage U1	Corriente IA
U1/V	IA/nA

0,02	0,57
0,04	0,58
0,07	0,55
0,09	0,55
0,12	0,51
0,14	0,59
0,17	0,55
0,19	0,59
0,21	0,56
0,24	0,59
0,26	0,56
0,29	0,62
0,31	0,55
0,34	0,59
0,36	0,52
0,39	0,56
0,41	0,53
0,43	0,58
0,46	0,52
0,48	0,56
0,51	0,52
0,53	0,58
0,56	0,52
0,58	0,57
0,61	0,56
0,63	0,62
0,65	0,57
0,68	0,62
0,70	0,54
0,73	0,60
0,75	0,54
0,78	0,57
0,80	0,50
0,83	0,55
0,85	0,50
0,87	0,60
0,90	0,54
0,92	0,61
0,95	0,59
0,97	0,65
1,00	0,61
1,02	0,65
1,05	0,58
1,07	0,62
1,09	0,58
1,12	0,60
1,14	0,57
1,17	0,58
1,19	0,53
1,22	0,58
1,24	0,56
1,26	0,59
1,29	0,56
1,31	0,56
1,34	0,57
1,36	0,58
1,39	0,57
1,41	0,58
1,44	0,55
1,46	0,56
1,48	0,54
1,51	0,53
1,53	0,56
1,56	0,56
1,58	0,57
1,61	0,57
1,63	0,56
1,66	0,55
1,68	0,60
1,70	0,57
1,73	0,60
1,75	0,57
1,78	0,56
1,80	0,55
1,83	0,58
1,85	0,55
1,88	0,60
1,90	0,53
1,92	0,55
1,95	0,53
1,97	0,58
2,00	0,55
2,02	0,58
2,05	0,51
2,07	0,60
2,10	0,55
2,12	0,61
2,14	0,55
2,17	0,59
2,19	0,52
2,22	0,58
2,24	0,51
2,27	0,56
2,29	0,49
2,31	0,54
2,34	0,50
2,36	0,58
2,39	0,51
2,41	0,59
2,44	0,54
2,46	0,62
2,49	0,56
2,51	0,61
2,53	0,55
2,56	0,59
2,58	0,53
2,61	0,60
2,63	0,53
2,66	0,58
2,68	0,54
2,71	0,60
2,73	0,55
2,75	0,60
2,78	0,53
2,80	0,62
2,83	0,58
2,85	0,60
2,88	0,54
2,90	0,55
2,93	0,52
2,95	0,57
2,97	0,51
3,00	0,54
3,02	0,48
3,05	0,52
3,07	0,55
3,10	0,57
3,12	0,54
3,15	0,57
3,17	0,54
3,19	0,58
3,22	0,59
3,24	0,58
3,27	0,58
3,29	0,57
3,32	0,55
3,34	0,55
3,36	0,54
3,39	0,55
3,41	0,55
3,44	0,52
3,46	0,53
3,49	0,52
3,51	0,55
3,54	0,57
3,56	0,58
3,58	0,56
3,61	0,58
3,63	0,52
3,66	0,58
3,68	0,55
3,71	0,57
3,73	0,50
3,76	0,51
3,78	0,48
3,80	0,57
3,83	0,51
3,85	0,54
3,88	0,48
3,90	0,53
3,93	0,51
3,95	0,58
3,98	0,51
4,00	0,57
4,02	0,52
4,05	0,59
4,07	0,56
4,10	0,59
4,12	0,52
4,15	0,58
4,17	0,54
4,20	0,59
4,22	0,53
4,24	0,57
4,27	0,57
4,29	0,63
4,32	0,58
4,34	0,63
4,37	0,54
4,39	0,60
4,42	0,55
4,44	0,57
4,46	0,52
4,49	0,56
4,51	0,50
4,54	0,58
4,56	0,51
4,59	0,55
4,61	0,52
4,63	0,56
4,66	0,56
4,68	0,60
4,71	0,54
4,73	0,59
4,76	0,58
4,78	0,61
4,81	0,59
4,83	0,57
4,85	0,55
4,88	0,57
4,90	0,55
4,93	0,58
4,95	0,56
4,98	0,55
5,00	0,57
5,03	0,57
5,05	0,58
5,07	0,59
5,10	0,57
5,12	0,55
5,15	0,56
5,17	0,54
5,20	0,57
5,22	0,55
5,25	0,56
5,27	0,56
5,29	0,58
5,32	0,56
5,34	0,60
5,37	0,59
5,39	0,63
5,42	0,58
5,44	0,60
5,47	0,56
5,49	0,61
5,51	0,58
5,54	0,62
5,56	0,55
5,59	0,61
5,61	0,58
5,64	0,63
5,66	0,58
5,68	0,62
5,71	0,55
5,73	0,65
5,76	0,60
5,78	0,65
5,81	0,60
5,83	0,64
5,86	0,59
5,88	0,66
5,90	0,58
5,93	0,63
5,95	0,56
5,98	0,61
6,00	0,56
6,03	0,62
6,05	0,55
6,08	0,61
6,10	0,55
6,12	0,63
6,15	0,58
6,17	0,64
6,20	0,60
6,22	0,66
6,25	0,61
6,27	0,68
6,30	0,61
6,32	0,66
6,34	0,61
6,37	0,62
6,39	0,55
6,42	0,59
6,44	0,54
6,47	0,62
6,49	0,59
6,52	0,61
6,54	0,58
6,56	0,63
6,59	0,62
6,61	0,65
6,64	0,62
6,66	0,63
6,69	0,61
6,71	0,63
6,73	0,66
6,76	0,67
6,78	0,65
6,81	0,65
6,83	0,65
6,86	0,67
6,88	0,69
6,91	0,69
6,93	0,69
6,95	0,68
6,98	0,68
7,00	0,68
7,03	0,70
7,05	0,69
7,08	0,70
7,10	0,67
7,13	0,70
7,15	0,68
7,17	0,70
7,20	0,70
7,22	0,72
7,25	0,67
7,27	0,70
7,30	0,67
7,32	0,72
7,35	0,69
7,37	0,72
7,39	0,68
7,42	0,71
7,44	0,68
7,47	0,75
7,49	0,70
7,52	0,75
7,54	0,69
7,57	0,75
7,59	0,72
7,61	0,78
7,64	0,70
7,66	0,78
7,69	0,72
7,71	0,79
7,74	0,75
7,76	0,80
7,78	0,75
7,81	0,82
7,83	0,74
7,86	0,81
7,88	0,74
7,91	0,78
7,93	0,75
7,96	0,80
7,98	0,75
8,00	0,81
8,03	0,75
8,05	0,82
8,08	0,77
8,10	0,80
8,13	0,76
8,15	0,80
8,18	0,76
8,20	0,81
8,22	0,75
8,25	0,79
8,27	0,79
8,30	0,85
8,32	0,83
8,35	0,86
8,37	0,82
8,40	0,86
8,42	0,86
8,44	0,88
8,47	0,87
8,49	0,88
8,52	0,88
8,54	0,90
8,57	0,90
8,59	0,93
8,62	0,92
8,64	0,89
8,66	0,89
8,69	0,87
8,71	0,89
8,74	0,90
8,76	0,90
8,79	0,88
8,81	0,90
8,84	0,89
8,86	0,92
8,88	0,89
8,91	0,91
8,93	0,87
8,96	0,89
8,98	0,86
9,01	0,92
9,03	0,90
9,05	0,96
9,08	0,90
9,10	0,93
9,13	0,91
9,15	0,97
9,18	0,92
9,20	0,98
9,23	0,93
9,25	1,00
9,27	0,95
9,30	1,00
9,32	0,96
9,35	1,01
9,37	0,92
9,40	0,99
9,42	0,91
9,45	0,97
9,47	0,91
9,49	0,97
9,52	0,93
9,54	0,98
9,57	0,92
9,59	1,00
9,62	0,94
9,64	0,99
9,67	0,96
9,69	1,00
9,71	0,96
9,74	1,04
9,76	0,95
9,79	1,04
9,81	1,01
9,84	1,01
9,86	0,97
9,89	1,01
9,91	0,95
9,93	1,04
9,96	0,99
9,98	1,04
10,01	1,05
10,03	1,08
10,06	1,05
10,08	1,08
10,10	1,04
10,13	1,09
10,15	1,04
10,18	1,05
10,20	1,03
10,23	1,04
10,25	1,04
10,28	1,07
10,30	1,05
10,32	1,06
10,35	1,05
10,37	1,05
10,40	1,09
10,42	1,09
10,45	1,09
10,47	1,08
10,50	1,08
10,52	1,09
10,54	1,11
10,57	1,09
10,59	1,12
10,62	1,09
10,64	1,10
10,67	1,11
10,69	1,14
10,72	1,13
10,74	1,17
10,76	1,11
10,79	1,16
10,81	1,13
10,84	1,16
10,86	1,13
10,89	1,16
10,91	1,10
10,94	1,17
10,96	1,12
10,98	1,20
11,01	1,15
11,03	1,18
11,06	1,15
11,08	1,21
11,11	1,16
11,13	1,25
11,15	1,19
11,18	1,26
11,20	1,22
11,23	1,28
11,25	1,24
11,28	1,30
11,30	1,23
11,33	1,29
11,35	1,23
11,37	1,28
11,40	1,26
11,42	1,31
11,45	1,26
11,47	1,32
11,50	1,27
11,52	1,34
11,55	1,32
11,57	1,36
11,59	1,32
11,62	1,36
11,64	1,31
11,67	1,38
11,69	1,34
11,72	1,38
11,74	1,31
11,77	1,35
11,79	1,35
11,81	1,41
11,84	1,38
11,86	1,45
11,89	1,42
11,91	1,46
11,94	1,46
11,96	1,50
11,99	1,49
12,01	1,50
12,03	1,45
12,06	1,49
12,08	1,49
12,11	1,51
12,13	1,54
12,16	1,53
12,18	1,54
12,21	1,56
12,23	1,58
12,25	1,62
12,28	1,63
12,30	1,58
12,33	1,60
12,35	1,57
12,38	1,60
12,40	1,59
12,42	1,61
12,45	1,59
12,47	1,61
12,50	1,58
12,52	1,68
12,55	1,65
12,57	1,71
12,60	1,67
12,62	1,70
12,64	1,68
12,67	1,76
12,69	1,70
12,72	1,75
12,74	1,69
12,77	1,73
12,79	1,71
12,82	1,76
12,84	1,69
12,86	1,78
12,89	1,73
12,91	1,80
12,94	1,76
12,96	1,80
12,99	1,78
13,01	1,84
13,04	1,76
13,06	1,81
13,08	1,74
13,11	1,80
13,13	1,76
13,16	1,81
13,18	1,75
13,21	1,81
13,23	1,76
13,26	1,84
13,28	1,79
13,30	1,84
13,33	1,81
13,35	1,86
13,38	1,82
13,40	1,86
13,43	1,80
13,45	1,83
13,47	1,80
13,50	1,82
13,52	1,78
13,55	1,79
13,57	1,75
13,60	1,81
13,62	1,79
13,65	1,82
13,67	1,80
13,69	1,81
13,72	1,81
13,74	1,84
13,77	1,80
13,79	1,83
13,82	1,80
13,84	1,79
13,87	1,79
13,89	1,78
13,91	1,78
13,94	1,78
13,96	1,77
13,99	1,76
14,01	1,75
14,04	1,75
14,06	1,78
14,09	1,75
14,11	1,78
14,13	1,76
14,16	1,77
14,18	1,75
14,21	1,78
14,23	1,74
14,26	1,78
14,28	1,71
14,31	1,73
14,33	1,69
14,35	1,75
14,38	1,72
14,40	1,76
14,43	1,69
14,45	1,79
14,48	1,74
14,50	1,80
14,52	1,75
14,55	1,78
14,57	1,72
14,60	1,80
14,62	1,73
14,65	1,80
14,67	1,73
14,70	1,77
14,72	1,72
14,74	1,78
14,77	1,70
14,79	1,78
14,82	1,74
14,84	1,81
14,87	1,77
14,89	1,83
14,92	1,76
14,94	1,84
14,96	1,75
14,99	1,80
15,01	1,73
15,04	1,77
15,06	1,72
15,09	1,79
15,11	1,72
15,14	1,76
15,16	1,74
15,18	1,84
15,21	1,81
15,23	1,85
15,26	1,81
15,28	1,84
15,31	1,83
15,33	1,87
15,36	1,82
15,38	1,84
15,40	1,81
15,43	1,84
15,45	1,86
15,48	1,90
15,50	1,87
15,53	1,90
15,55	1,90
15,57	1,94
15,60	1,96
15,62	1,98
15,65	1,98
15,67	1,98
15,70	1,97
15,72	1,99
15,75	1,99
15,77	1,99
15,79	2,03
15,82	2,03
15,84	2,05
15,87	2,05
15,89	2,09
15,92	2,13
15,94	2,18
15,97	2,14
15,99	2,18
16,01	2,15
16,04	2,23
16,06	2,21
16,09	2,23
16,11	2,20
16,14	2,27
16,16	2,25
16,19	2,35
16,21	2,31
16,23	2,37
16,26	2,36
16,28	2,45
16,31	2,41
16,33	2,49
16,36	2,46
16,38	2,53
16,41	2,49
16,43	2,56
16,45	2,51
16,48	2,58
16,50	2,53
16,53	2,61
16,55	2,59
16,58	2,67
16,60	2,64
16,63	2,72
16,65	2,74
16,67	2,84
16,70	2,82
16,72	2,91
16,75	2,86
16,77	2,94
16,80	2,94
16,82	2,98
16,84	2,97
16,87	3,04
16,89	3,02
16,92	3,12
16,94	3,08
16,97	3,13
16,99	3,13
17,02	3,19
17,04	3,19
17,06	3,24
17,09	3,21
17,11	3,27
17,14	3,27
17,16	3,31
17,19	3,31
17,21	3,31
17,24	3,31
17,26	3,35
17,28	3,38
17,31	3,41
17,33	3,42
17,36	3,43
17,38	3,48
17,41	3,49
17,43	3,53
17,46	3,54
17,48	3,55
17,50	3,53
17,53	3,54
17,55	3,51
17,58	3,55
17,60	3,51
17,63	3,53
17,65	3,52
17,68	3,54
17,70	3,51
17,72	3,56
17,75	3,52
17,77	3,58
17,80	3,53
17,82	3,55
17,85	3,51
17,87	3,57
17,89	3,52
17,92	3,57
17,94	3,49
17,97	3,53
17,99	3,48
18,02	3,53
18,04	3,47
18,07	3,51
18,09	3,42
18,11	3,51
18,14	3,44
18,16	3,49
18,19	3,42
18,21	3,45
18,24	3,38
18,26	3,44
18,29	3,34
18,31	3,39
18,33	3,30
18,36	3,33
18,38	3,27
18,41	3,32
18,43	3,24
18,46	3,29
18,48	3,23
18,51	3,28
18,53	3,21
18,55	3,24
18,58	3,16
18,60	3,20
18,63	3,11
18,65	3,14
18,68	3,05
18,70	3,08
18,73	3,02
18,75	3,04
18,77	2,97
18,80	3,01
18,82	2,97
18,85	3,02
18,87	2,99
18,90	2,99
18,92	2,94
18,94	2,95
18,97	2,92
18,99	2,91
19,02	2,88
19,04	2,85
19,07	2,81
19,09	2,81
19,12	2,82
19,14	2,80
19,16	2,79
19,19	2,76
19,21	2,75
19,24	2,74
19,26	2,74
19,29	2,71
19,31	2,74
19,34	2,70
19,36	2,71
19,38	2,69
19,41	2,71
19,43	2,69
19,46	2,72
19,48	2,64
19,51	2,68
19,53	2,64
19,56	2,68
19,58	2,65
19,60	2,69
19,63	2,64
19,65	2,69
19,68	2,63
19,70	2,69
19,73	2,63
19,75	2,67
19,78	2,60
19,80	2,65
19,82	2,60
19,85	2,68
19,87	2,62
19,90	2,69
19,92	2,65
19,95	2,72
19,97	2,66
19,99	2,72
20,02	2,66
20,04	2,73
20,07	2,68
20,09	2,75
20,12	2,71
20,14	2,79
20,17	2,77
20,19	2,84
20,21	2,81
20,24	2,89
20,26	2,86
20,29	2,93
20,31	2,92
20,34	2,96
20,36	2,94
20,39	3,03
20,41	3,02
20,43	3,08
20,46	3,05
20,48	3,10
20,51	3,13
20,53	3,18
20,56	3,16
20,58	3,20
20,61	3,22
20,63	3,27
20,65	3,30
20,68	3,35
20,70	3,38
20,73	3,41
20,75	3,44
20,78	3,48
20,80	3,53
20,83	3,57
20,85	3,62
20,87	3,66
20,90	3,70
20,92	3,74
20,95	3,80
20,97	3,85
21,00	3,91
21,02	3,89
21,05	3,96
21,07	3,98
21,09	4,06
21,12	4,10
21,14	4,17
21,17	4,18
21,19	4,28
21,22	4,29
21,24	4,42
21,26	4,41
21,29	4,49
21,31	4,50
21,34	4,61
21,36	4,61
21,39	4,73
21,41	4,72
21,44	4,85
21,46	4,85
21,48	4,95
21,51	4,96
21,53	5,09
21,56	5,08
21,58	5,20
21,61	5,18
21,63	5,31
21,66	5,31
21,68	5,41
21,70	5,41
21,73	5,51
21,75	5,51
21,78	5,62
21,80	5,59
21,83	5,70
21,85	5,71
21,88	5,81
21,90	5,81
21,92	5,91
21,95	5,89
21,97	5,99
22,00	5,94
22,02	6,00
22,05	6,02
22,07	6,10
22,10	6,07
22,12	6,14
22,14	6,13
22,17	6,21
22,19	6,20
22,22	6,24
22,24	6,22
22,27	6,25
22,29	6,24
22,31	6,28
22,34	6,29
22,36	6,33
22,39	6,29
22,41	6,29
22,44	6,29
22,46	6,28
22,49	6,28
22,51	6,27
22,53	6,25
22,56	6,23
22,58	6,21
22,61	6,16
22,63	6,17
22,66	6,13
22,68	6,12
22,71	6,06
22,73	6,02
22,75	5,96
22,78	5,98
22,80	5,93
22,83	5,93
22,85	5,84
22,88	5,83
22,90	5,79
22,93	5,81
22,95	5,71
22,97	5,71
23,00	5,61
23,02	5,62
23,05	5,57
23,07	5,59
23,10	5,49
23,12	5,49
23,15	5,38
23,17	5,40
23,19	5,31
23,22	5,29
23,24	5,18
23,27	5,15
23,29	5,03
23,32	5,04
23,34	4,92
23,36	4,93
23,39	4,81
23,41	4,83
23,44	4,76
23,46	4,75
23,49	4,65
23,51	4,68
23,54	4,56
23,56	4,57
23,58	4,47
23,61	4,50
23,63	4,42
23,66	4,42
23,68	4,32
23,71	4,33
23,73	4,25
23,76	4,26
23,78	4,19
23,80	4,19
23,83	4,11
23,85	4,11
23,88	4,08
23,90	4,11
23,93	4,04
23,95	4,02
23,98	3,99
24,00	3,99
24,02	3,95
24,05	3,94
24,07	3,88
24,10	3,87
24,12	3,83
24,15	3,80
24,17	3,77
24,20	3,74
24,22	3,72
24,24	3,70
24,27	3,69
24,29	3,68
24,32	3,70
24,34	3,72
24,37	3,76
24,39	3,73
24,42	3,74
24,44	3,73
24,46	3,76
24,49	3,76
24,51	3,83
24,54	3,78
24,56	3,83
24,59	3,81
24,61	3,87
24,63	3,87
24,66	3,92
24,68	3,85
24,71	3,93
24,73	3,91
24,76	3,99
24,78	3,96
24,81	4,01
24,83	3,98
24,85	4,05
24,88	4,02
24,90	4,13
24,93	4,08
24,95	4,19
24,98	4,19
25,00	4,28
25,03	4,26
25,05	4,36
25,07	4,32
25,10	4,43
25,12	4,40
25,15	4,47
25,17	4,46
25,20	4,55
25,22	4,55
25,25	4,68
25,27	4,70
25,29	4,79
25,32	4,80
25,34	4,90
25,37	4,93
25,39	5,03
25,42	5,03
25,44	5,13
25,47	5,15
25,49	5,24
25,51	5,27
25,54	5,34
25,56	5,39
25,59	5,49
25,61	5,52
25,64	5,62
25,66	5,65
25,68	5,73
25,71	5,83
25,73	5,92
25,76	5,99
25,78	6,07
25,81	6,13
25,83	6,23
25,86	6,33
25,88	6,39
25,90	6,47
25,93	6,53
25,95	6,61
25,98	6,72
26,00	6,83
26,03	6,91
26,05	7,02
26,08	7,07
26,10	7,21
26,12	7,26
26,15	7,37
26,17	7,44
26,20	7,55
26,22	7,58
26,25	7,70
26,27	7,75
26,30	7,91
26,32	7,94
26,34	8,08
26,37	8,12
26,39	8,28
26,42	8,32
26,44	8,48
26,47	8,48
26,49	8,62
26,52	8,63
26,54	8,77
26,56	8,80
26,59	8,94
26,61	8,95
26,64	9,11
26,66	9,15
26,69	9,29
26,71	9,33
26,73	9,46
26,76	9,48
26,78	9,62
26,81	9,60
26,83	9,72
26,86	9,71
26,88	9,78
26,91	9,77
26,93	9,84
26,95	9,81
26,98	9,86
27,00	9,84
27,03	9,92
27,05	9,87
27,08	9,93
27,10	9,91
27,13	9,97
27,15	9,97
27,17	10,01
27,20	9,95
27,22	10,00
27,25	9,96
27,27	9,99
27,30	9,96
27,32	9,94
27,35	9,85
27,37	9,86
27,39	9,81
27,42	9,79
27,44	9,73
27,47	9,67
27,49	9,61
27,52	9,57
27,54	9,51
27,57	9,50
27,59	9,42
27,61	9,33
27,64	9,27
27,66	9,18
27,69	9,12
27,71	9,03
27,74	8,94
27,76	8,84
27,78	8,75
27,81	8,64
27,83	8,61
27,86	8,51
27,88	8,46
27,91	8,34
27,93	8,28
27,96	8,17
27,98	8,15
28,00	8,02
28,03	7,95
28,05	7,79
28,08	7,73
28,10	7,58
28,13	7,52
28,15	7,36
28,18	7,31
28,20	7,17
28,22	7,14
28,25	7,01
28,27	7,00
28,30	6,89
28,32	6,88
28,35	6,73
28,37	6,71
28,40	6,54
28,42	6,51
28,44	6,38
28,47	6,34
28,49	6,21
28,52	6,20
28,54	6,07
28,57	6,10
28,59	5,98
28,62	5,98
28,64	5,90
28,66	5,92
28,69	5,83
28,71	5,84
28,74	5,73
28,76	5,73
28,79	5,64
28,81	5,63
28,84	5,56
28,86	5,53
28,88	5,45
28,91	5,45
28,93	5,40
28,96	5,43
28,98	5,37
29,01	5,35
29,03	5,34
29,05	5,36
29,08	5,34
29,10	5,37
29,13	5,31
29,15	5,31
29,18	5,29
29,20	5,28
29,23	5,29
29,25	5,30
29,27	5,28
29,30	5,29
29,32	5,32
29,35	5,31
29,37	5,39
29,40	5,40
29,42	5,44
29,45	5,45
29,47	5,49
29,49	5,48
29,52	5,57
29,54	5,56
29,57	5,64
29,59	5,62
29,62	5,69
29,64	5,69
29,67	5,80
29,69	5,81
29,71	5,89
29,74	5,86
29,76	6,00
29,79	6,02
29,81	6,16
29,84	6,16
29,86	6,24
29,89	6,25
29,91	6,39
29,93	6,40
29,96	6,52
29,98	6,51
30,01	6,62
30,03	6,65
30,06	6,77
30,08	6,78
30,10	6,92
30,13	6,95
30,15	7,11
30,18	7,17
30,20	7,32
30,23	7,36
30,25	7,50
30,28	7,54
30,30	7,68
30,32	7,69
30,35	7,85
30,37	7,92
30,40	8,04
30,42	8,09
30,45	8,23
30,47	8,29
30,50	8,48
30,52	8,55
30,54	8,66
30,57	8,77
30,59	8,91
30,62	9,02
30,64	9,17
30,67	9,25
30,69	9,36
30,72	9,46
30,74	9,59
30,76	9,73
30,79	9,84
30,81	9,97
30,84	10,10
30,86	10,25
30,89	10,39
30,91	10,56
30,94	10,68
30,96	10,84
30,98	10,96
31,01	11,08
31,03	11,20
31,06	11,34
31,08	11,44
31,11	11,59
31,13	11,67
31,15	11,81
31,18	11,92
31,20	12,11
31,23	12,26
31,25	12,44
31,28	12,52
31,30	12,71
31,33	12,80
31,35	12,98
31,37	13,04
31,40	13,18
31,42	13,24
31,45	13,40
31,47	13,47
31,50	13,66
31,52	13,72
31,55	13,88
31,57	13,93
31,59	14,10
31,62	14,15
31,64	14,32
31,67	14,34
31,69	14,48
31,72	14,50
31,74	14,63
31,77	14,64
31,79	14,73
31,81	14,71
31,84	14,83
31,86	14,82
31,89	14,92
31,91	14,89
31,94	14,96
31,96	14,95
31,99	14,99
32,01	14,95
32,03	15,00
32,06	14,93
32,08	14,96
32,11	14,87
32,13	14,87
32,16	14,83
32,18	14,83
32,20	14,75
32,23	14,75
32,25	14,65
32,28	14,64
32,30	14,56
32,33	14,50
32,35	14,40
32,38	14,32
32,40	14,21
32,42	14,15
32,45	14,05
32,47	13,96
32,50	13,86
32,52	13,74
32,55	13,62
32,57	13,51
32,60	13,37
32,62	13,25
32,64	13,13
32,67	12,98
32,69	12,88
32,72	12,72
32,74	12,62
32,77	12,50
32,79	12,38
32,82	12,21
32,84	12,09
32,86	11,91
32,89	11,82
32,91	11,62
32,94	11,50
32,96	11,31
32,99	11,18
33,01	11,00
33,04	10,91
33,06	10,70
33,08	10,62
33,11	10,43
33,13	10,34
33,16	10,17
33,18	10,11
33,21	9,93
33,23	9,89
33,26	9,70
33,28	9,63
33,30	9,45
33,33	9,40
33,35	9,22
33,38	9,17
33,40	8,99
33,43	8,97
33,45	8,81
33,47	8,79
33,50	8,65
33,52	8,62
33,55	8,48
33,57	8,47
33,60	8,33
33,62	8,31
33,65	8,18
33,67	8,15
33,69	8,05
33,72	8,05
33,74	7,94
33,77	7,93
33,79	7,82
33,82	7,82
33,84	7,77
33,87	7,77
33,89	7,71
33,91	7,71
33,94	7,65
33,96	7,67
33,99	7,63
34,01	7,64
34,04	7,61
34,06	7,60
34,09	7,59
34,11	7,62
34,13	7,64
34,16	7,68
34,18	7,68
34,21	7,68
34,23	7,70
34,26	7,73
34,28	7,78
34,31	7,78
34,33	7,83
34,35	7,84
34,38	7,88
34,40	7,91
34,43	8,01
34,45	8,05
34,48	8,15
34,50	8,16
34,52	8,26
34,55	8,30
34,57	8,41
34,60	8,43
34,62	8,53
34,65	8,53
34,67	8,68
34,70	8,73
34,72	8,87
34,74	8,92
34,77	9,07
34,79	9,12
34,82	9,31
34,84	9,35
34,87	9,47
34,89	9,53
34,92	9,68
34,94	9,73
34,96	9,88
34,99	9,91
35,01	10,07
35,04	10,15
35,06	10,33
35,09	10,41
35,11	10,58
35,14	10,66
35,16	10,85
35,18	10,94
35,21	11,11
35,23	11,19
35,26	11,36
35,28	11,46
35,31	11,62
35,33	11,70
35,36	11,89
35,38	12,00
35,40	12,19
35,43	12,33
35,45	12,50
35,48	12,63
35,50	12,81
35,53	12,94
35,55	13,15
35,57	13,28
35,60	13,43
35,62	13,57
35,65	13,74
35,67	13,89
35,70	14,06
35,72	14,23
35,75	14,38
35,77	14,56
35,79	14,72
35,82	14,94
35,84	15,11
35,87	15,29
35,89	15,41
35,92	15,58
35,94	15,71
35,97	15,91
35,99	16,03
36,01	16,24
36,04	16,38
36,06	16,59
36,09	16,75
36,11	17,00
36,14	17,14
36,16	17,40
36,19	17,51
36,21	17,74
36,23	17,87
36,26	18,09
36,28	18,18
36,31	18,39
36,33	18,44
36,36	18,65
36,38	18,72
36,41	18,93
36,43	19,02
36,45	19,20
36,48	19,29
36,50	19,50
36,53	19,55
36,55	19,73
36,58	19,77
36,60	19,92
36,62	19,99
36,65	20,13
36,67	20,14
36,70	20,28
36,72	20,30
36,75	20,41
36,77	20,41
36,80	20,51
36,82	20,50
36,84	20,60
36,87	20,54
36,89	20,61
36,92	20,58
36,94	20,64
36,97	20,58
36,99	20,60
37,02	20,52
37,04	20,54
37,06	20,46
37,09	20,47
37,11	20,37
37,14	20,32
37,16	20,22
37,19	20,15
37,21	20,07
37,24	20,00
37,26	19,86
37,28	19,78
37,31	19,64
37,33	19,56
37,36	19,47
37,38	19,34
37,41	19,20
37,43	19,06
37,46	18,90
37,48	18,76
37,50	18,59
37,53	18,39
37,55	18,24
37,58	18,03
37,60	17,84
37,63	17,67
37,65	17,54
37,68	17,36
37,70	17,22
37,72	17,00
37,75	16,86
37,77	16,67
37,80	16,48
37,82	16,26
37,85	16,08
37,87	15,81
37,89	15,67
37,92	15,42
37,94	15,28
37,97	15,05
37,99	14,92
38,02	14,70
38,04	14,59
38,07	14,35
38,09	14,28
38,11	14,05
38,14	13,93
38,16	13,67
38,19	13,54
38,21	13,31
38,24	13,21
38,26	12,94
38,29	12,85
38,31	12,64
38,33	12,57
38,36	12,41
38,38	12,37
38,41	12,19
38,43	12,14
38,46	11,98
38,48	11,99
38,51	11,83
38,53	11,75
38,55	11,59
38,58	11,52
38,60	11,38
38,63	11,35
38,65	11,18
38,68	11,12
38,70	11,01
38,73	10,98
38,75	10,93
38,77	10,93
38,80	10,84
38,82	10,83
38,85	10,77
38,87	10,78
38,90	10,76
38,92	10,75
38,94	10,72
38,97	10,72
38,99	10,69
39,02	10,70
39,04	10,70
39,07	10,72
39,09	10,75
39,12	10,74
39,14	10,77
39,16	10,79
39,19	10,85
39,21	10,91
39,24	10,97
39,26	10,96
39,29	11,06
39,31	11,07
39,34	11,18
39,36	11,22
39,38	11,30
39,41	11,30
39,43	11,40
39,46	11,41
39,48	11,57
39,51	11,60
39,53	11,72
39,56	11,78
39,58	11,96
39,60	12,04
39,63	12,21
39,65	12,27
39,68	12,44
39,70	12,51
39,73	12,66
39,75	12,72
39,78	12,88
39,80	12,95
39,82	13,15
39,85	13,24
39,87	13,43
39,90	13,53
39,92	13,73
39,95	13,86
39,97	14,07
39,99	14,14
40,02	14,34
40,04	14,45
40,07	14,64
40,09	14,75
40,12	14,94
40,14	15,06
40,17	15,27
40,19	15,39
40,21	15,60
40,24	15,75
40,26	15,96
40,29	16,15
40,31	16,37
40,34	16,55
40,36	16,78
40,39	16,93
40,41	17,15
40,43	17,33
40,46	17,50
40,48	17,69
40,51	17,87
40,53	18,04
40,56	18,28
40,58	18,49
40,61	18,71
40,63	18,95
40,65	19,13
40,68	19,38
40,70	19,61
40,73	19,84
40,75	20,07
40,78	20,28
40,80	20,45
40,83	20,67
40,85	20,82
40,87	21,08
40,90	21,23
40,92	21,48
40,95	21,66
40,97	21,94
41,00	22,12
41,02	22,44
41,05	22,61
41,07	22,89
41,09	23,03
41,12	23,30
41,14	23,43
41,17	23,69
41,19	23,78
41,22	24,02
41,24	24,13
41,26	24,37
41,29	24,53
41,31	24,77
41,34	24,90
41,36	25,16
41,39	25,27
41,41	25,54
41,44	25,66
41,46	25,84
41,48	25,95
41,51	26,15
41,53	26,19
41,56	26,34
41,58	26,39
41,61	26,51
41,63	26,55
41,66	26,69
41,68	26,72
41,70	26,86
41,73	26,89
41,75	26,98
41,78	26,96
41,80	27,03
41,83	27,00
41,85	27,09
41,88	27,07
41,90	27,11
41,92	27,06
41,95	27,10
41,97	27,04
42,00	27,07
42,02	27,02
42,05	26,96
42,07	26,88
42,10	26,85
42,12	26,78
42,14	26,77
42,17	26,67
42,19	26,56
42,22	26,47
42,24	26,37
42,27	26,28
42,29	26,16
42,31	25,99
42,34	25,84
42,36	25,69
42,39	25,52
42,41	25,39
42,44	25,21
42,46	25,04
42,49	24,85
42,51	24,70
42,53	24,50
42,56	24,36
42,58	24,15
42,61	23,99
42,63	23,75
42,66	23,55
42,68	23,31
42,71	23,12
42,73	22,84
42,75	22,65
42,78	22,36
42,80	22,18
42,83	21,90
42,85	21,72
42,88	21,49
42,90	21,34
42,93	21,06
42,95	20,92
42,97	20,60
43,00	20,46
43,02	20,20
43,05	20,00
43,07	19,69
43,10	19,53
43,12	19,24
43,15	19,16
43,17	18,89
43,19	18,73
43,22	18,51
43,24	18,41
43,27	18,19
43,29	18,08
43,32	17,86
43,34	17,75
43,36	17,57
43,39	17,45
43,41	17,24
43,44	17,13
43,46	16,92
43,49	16,80
43,51	16,62
43,54	16,52
43,56	16,35
43,58	16,24
43,61	16,12
43,63	16,05
43,66	15,95
43,68	15,90
43,71	15,77
43,73	15,70
43,76	15,61
43,78	15,53
43,80	15,47
43,83	15,42
43,85	15,36
43,88	15,33
43,90	15,29
43,93	15,25
43,95	15,28
43,98	15,26
44,00	15,27
44,02	15,24
44,05	15,24
44,07	15,21
44,10	15,28
44,12	15,25
44,15	15,31
44,17	15,27
44,20	15,34
44,22	15,37
44,24	15,50
44,27	15,50
44,29	15,59
44,32	15,58
44,34	15,75
44,37	15,75
44,39	15,88
44,41	15,91
44,44	16,02
44,46	16,07
44,49	16,24
44,51	16,28
44,54	16,48
44,56	16,55
44,59	16,73
44,61	16,82
44,63	16,99
44,66	17,05
44,68	17,23
44,71	17,28
44,73	17,47
44,76	17,55
44,78	17,76
44,81	17,88
44,83	18,11
44,85	18,24
44,88	18,49
44,90	18,63
44,93	18,84
44,95	18,96
44,98	19,16
45,00	19,29
45,03	19,50
45,05	19,63
45,07	19,90
45,10	20,07
45,12	20,29
45,15	20,49
45,17	20,72
45,20	20,94
45,22	21,20
45,25	21,37
45,27	21,62
45,29	21,84
45,32	22,05
45,34	22,30
45,37	22,50
45,39	22,70
45,42	22,93
45,44	23,15
45,47	23,36
45,49	23,65
45,51	23,90
45,54	24,19
45,56	24,41
45,59	24,69
45,61	24,93
45,64	25,24
45,66	25,43
45,68	25,70
45,71	25,87
45,73	26,14
45,76	26,33
45,78	26,62
45,81	26,86
45,83	27,19
45,86	27,38
45,88	27,72
45,90	27,93
45,93	28,26
45,95	28,47
45,98	28,76
46,00	28,94
46,03	29,22
46,05	29,40
46,08	29,72
46,10	29,87
46,12	30,15
46,15	30,33
46,17	30,62
46,20	30,83
46,22	31,13
46,25	31,30
46,27	31,60
46,30	31,78
46,32	32,05
46,34	32,24
46,37	32,45
46,39	32,57
46,42	32,79
46,44	32,88
46,47	33,09
46,49	33,20
46,52	33,35
46,54	33,49
46,56	33,69
46,59	33,80
46,61	34,01
46,64	34,08
46,66	34,22
46,69	34,29
46,71	34,39
46,73	34,44
46,76	34,54
46,78	34,59
46,81	34,69
46,83	34,69
46,86	34,76
46,88	34,82
46,91	34,87
46,93	34,90
46,95	34,90
46,98	34,89
47,00	34,90
47,03	34,87
47,05	34,87
47,08	34,86
47,10	34,78
47,13	34,72
47,15	34,66
47,17	34,64
47,20	34,59
47,22	34,52
47,25	34,39
47,27	34,33
47,30	34,20
47,32	34,12
47,35	33,96
47,37	33,82
47,39	33,63
47,42	33,52
47,44	33,34
47,47	33,24
47,49	33,03
47,52	32,92
47,54	32,73
47,57	32,60
47,59	32,36
47,61	32,22
47,64	31,98
47,66	31,84
47,69	31,55
47,71	31,37
47,74	31,06
47,76	30,93
47,78	30,67
47,81	30,52
47,83	30,21
47,86	30,07
47,88	29,80
47,91	29,68
47,93	29,35
47,96	29,16
47,98	28,84
48,00	28,69
48,03	28,36
48,05	28,18
48,08	27,84
48,10	27,67
48,13	27,42
48,15	27,26
48,18	26,99
48,20	26,85
48,22	26,56
48,25	26,42
48,27	26,18
48,30	26,00
48,32	25,73
48,35	25,53
48,37	25,27
48,40	25,13
48,42	24,91
48,44	24,74
48,47	24,53
48,49	24,39
48,52	24,21
48,54	24,08
48,57	23,92
48,59	23,81
48,62	23,65
48,64	23,51
48,66	23,38
48,69	23,26
48,71	23,14
48,74	23,05
48,76	22,94
48,79	22,82
48,81	22,73
48,84	22,66
48,86	22,61
48,88	22,54
48,91	22,48
48,93	22,44
48,96	22,41
48,98	22,37
49,01	22,33
49,03	22,28
49,05	22,29
49,08	22,27
49,10	22,29
49,13	22,29
49,15	22,32
49,18	22,30
49,20	22,40
49,23	22,40
49,25	22,47
49,27	22,46
49,30	22,54
49,32	22,56
49,35	22,70
49,37	22,72
49,40	22,85
49,42	22,88
49,45	23,05
49,47	23,13
49,49	23,28
49,52	23,33
49,54	23,49
49,57	23,54
49,59	23,73
49,62	23,79
49,64	23,96
49,67	24,07
49,69	24,26
49,71	24,36
49,74	24,59
49,76	24,70
49,79	24,93
49,81	25,05
49,84	25,27
49,86	25,41
49,89	25,64
49,91	25,78
49,93	26,03
49,96	26,17
49,98	26,44
50,01	26,62
50,03	26,87
50,06	27,07
50,08	27,34
50,10	27,52
50,13	27,81
50,15	28,02
50,18	28,31
50,20	28,52
50,23	28,78
50,25	28,98
50,28	29,23
50,30	29,46
50,32	29,76
50,35	30,00
50,37	30,29
50,40	30,56
50,42	30,84
50,45	31,15
50,47	31,47
50,50	31,76
50,52	32,06
50,54	32,31
50,57	32,54
50,59	32,89
50,62	33,16
50,64	33,45
50,67	33,69
50,69	33,97
50,72	34,29
50,74	34,71
50,76	34,97
50,79	35,37
50,81	35,61
50,84	35,97
50,86	36,28
50,89	36,62
50,91	36,82
50,94	37,18
50,96	37,37
50,98	37,75
51,01	37,98
51,03	38,30
51,06	38,55
51,08	38,93
51,11	39,17
51,13	39,56
51,15	39,79
51,18	40,15
51,20	40,41
51,23	40,76
51,25	40,99
51,28	41,28
51,30	41,46
51,33	41,78
51,35	41,95
51,37	42,23
51,40	42,42
51,42	42,71
51,45	42,94
51,47	43,22
51,50	43,38
51,52	43,70
51,55	43,90
51,57	44,16
51,59	44,29
51,62	44,48
51,64	44,60
51,67	44,81
51,69	44,92
51,72	45,07
51,74	45,16
51,77	45,29
51,79	45,43
51,81	45,57
51,84	45,68
51,86	45,82
51,89	45,90
51,91	46,01
51,94	46,09
51,96	46,16
51,99	46,22
52,01	46,25
52,03	46,25
52,06	46,29
52,08	46,29
52,11	46,30
52,13	46,31
52,16	46,31
52,18	46,31
52,20	46,29
52,23	46,26
52,25	46,24
52,28	46,22
52,30	46,18
52,33	46,16
52,35	46,04
52,38	45,99
52,40	45,90
52,42	45,86
52,45	45,75
52,47	45,66
52,50	45,48
52,52	45,44
52,55	45,25
52,57	45,16
52,60	44,93
52,62	44,81
52,64	44,59
52,67	44,46
52,69	44,24
52,72	44,14
52,74	43,90
52,77	43,81
52,79	43,57
52,82	43,44
52,84	43,20
52,86	43,08
52,89	42,78
52,91	42,66
52,94	42,35
52,96	42,17
52,99	41,89
53,01	41,77
53,04	41,47
53,06	41,36
53,08	41,04
53,11	40,90
53,13	40,66
53,16	40,51
53,18	40,19
53,21	39,99
53,23	39,69
53,26	39,58
53,28	39,28
53,30	39,09
53,33	38,81
53,35	38,68
53,38	38,46
53,40	38,30
53,43	38,07
53,45	37,91
53,47	37,68
53,50	37,52
53,52	37,31
53,55	37,17
53,57	36,97
53,60	36,77
53,62	36,58
53,65	36,42
53,67	36,26
53,69	36,13
53,72	35,99
53,74	35,86
53,77	35,75
53,79	35,65
53,82	35,56
53,84	35,48
53,87	35,36
53,89	35,24
53,91	35,17
53,94	35,06
53,96	35,00
53,99	34,90
54,01	34,85
54,04	34,75
54,06	34,73
54,09	34,65
54,11	34,69
54,13	34,64
54,16	34,71
54,18	34,65
54,21	34,69
54,23	34,65
54,26	34,76
54,28	34,71
54,31	34,80
54,33	34,79
54,35	34,90
54,38	34,93
54,40	35,05
54,43	35,03
54,45	35,19
54,48	35,20
54,50	35,36
54,52	35,43
54,55	35,58
54,57	35,65
54,60	35,86
54,62	35,92
54,65	36,13
54,67	36,23
54,70	36,41
54,72	36,52
54,74	36,73
54,77	36,83
54,79	37,05
54,82	37,18
54,84	37,38
54,87	37,52
54,89	37,78
54,92	37,97
54,94	38,25
54,96	38,47
54,99	38,77
55,01	38,96
55,04	39,27
55,06	39,53
55,09	39,78
55,11	40,02
55,14	40,26
55,16	40,47
55,18	40,78
55,21	41,04
55,23	41,31
55,26	41,63
55,28	41,89
55,31	42,23
55,33	42,56
55,36	42,90
55,38	43,25
55,40	43,62
55,43	43,89
55,45	44,22
55,48	44,50
55,50	44,88
55,53	45,20
55,55	45,55
55,57	45,81
55,60	46,25
55,62	46,60
55,65	47,07
55,67	47,38
55,70	47,83
55,72	48,12
55,75	48,57
55,77	48,81
55,79	49,18
55,82	49,40
55,84	49,64
55,87	49,74
55,89	49,89
55,92	49,91
55,94	50,00
55,97	50,00
55,99	50,00
56,01	50,00
56,04	50,00
56,06	50,00
56,09	50,00
56,11	50,00
56,14	50,00
56,16	50,00
56,19	50,00
56,21	50,00
56,23	50,00
56,26	50,00
56,28	50,00
56,31	50,00
56,33	50,00
56,36	50,00
56,38	50,00
56,41	50,00
56,43	50,00
56,45	50,00
56,48	50,00
56,50	50,00
56,53	50,00
56,55	50,00
56,58	50,00
56,60	50,00
56,62	50,00
56,65	50,00
56,67	50,00
56,70	50,00
56,72	50,00
56,75	50,00
56,77	50,00
56,80	50,00
56,82	50,00
56,84	50,00
56,87	50,00
56,89	50,00
56,92	50,00
56,94	50,00
56,97	50,00
56,99	50,00
57,02	50,00
57,04	50,00
57,06	50,00
57,09	50,00
57,11	50,00
57,14	50,00
57,16	50,00
57,19	50,00
57,21	50,00
57,24	50,00
57,26	50,00
57,28	50,00
57,31	50,00
57,33	50,00
57,36	50,00
57,38	50,00
57,41	50,00
57,43	50,00
57,46	50,00
57,48	50,00
57,50	50,00
57,53	50,00
57,55	50,00
57,58	50,00
57,60	50,00
57,63	50,00
57,65	50,00
57,68	50,00
57,70	50,00
57,72	50,00
57,75	50,00
57,77	50,00
57,80	50,00
57,82	50,00
57,85	50,00
57,87	50,00
57,89	50,00
57,92	50,00
57,94	50,00
57,97	50,00
57,99	50,00
58,02	50,00
58,04	50,00
58,07	50,00
58,09	50,00
58,11	50,00
58,14	50,00
58,16	50,00
58,19	50,00
58,21	50,00
58,24	50,00
58,26	50,00
58,29	50,00
58,31	50,00
58,33	50,00
58,36	50,00
58,38	50,00
58,41	50,00
58,43	50,00
58,46	50,00
58,48	50,00
58,51	50,00
58,53	50,00
58,55	50,00
58,58	50,00
58,60	50,00
58,63	50,00
58,65	50,00
58,68	50,00
58,70	50,00
58,73	50,00
58,75	50,00
58,77	50,00
58,80	50,00
58,82	50,00
58,85	50,00
58,87	50,00
58,90	50,00
58,92	50,00
58,94	50,00
58,97	50,00
58,99	50,00
59,02	50,00
59,04	50,00
59,07	50,00
59,09	50,00
59,12	50,00
59,14	50,00
59,16	50,00
59,19	50,00
59,21	50,00
59,24	50,00
59,26	50,00
59,29	50,00
59,31	50,00
59,34	50,00
59,36	50,00
59,38	50,00
59,41	50,00
59,43	50,00
59,46	50,00
59,48	50,00
59,51	50,00
59,53	50,00
59,56	50,00
59,58	50,00
59,60	50,00
59,63	50,00
59,65	50,00
59,68	50,00
59,70	50,00
59,73	50,00
59,75	50,00
59,78	50,00
59,80	50,00
59,82	50,00
59,85	50,00
59,87	50,00
59,90	50,00
59,92	50,00
59,95	50,00
59,97	50,00
59,99	50,00
