Voltage U1	Corriente IA
U1/V	IA/nA

0,02	0,56
0,04	0,57
0,07	0,55
0,09	0,56
0,12	0,55
0,14	0,55
0,17	0,56
0,19	0,58
0,21	0,54
0,24	0,55
0,26	0,49
0,29	0,52
0,31	0,51
0,34	0,54
0,36	0,50
0,39	0,52
0,41	0,50
0,43	0,58
0,46	0,53
0,48	0,58
0,51	0,50
0,53	0,56
0,56	0,54
0,58	0,60
0,61	0,53
0,63	0,59
0,65	0,53
0,68	0,59
0,70	0,54
0,73	0,58
0,75	0,51
0,78	0,57
0,80	0,51
0,83	0,57
0,85	0,48
0,87	0,53
0,90	0,49
0,92	0,54
0,95	0,48
0,97	0,55
1,00	0,49
1,02	0,56
1,05	0,50
1,07	0,55
1,09	0,52
1,12	0,57
1,14	0,52
1,17	0,57
1,19	0,52
1,22	0,56
1,24	0,54
1,26	0,58
1,29	0,55
1,31	0,58
1,34	0,52
1,36	0,55
1,39	0,53
1,41	0,56
1,44	0,55
1,46	0,55
1,48	0,52
1,51	0,55
1,53	0,55
1,56	0,58
1,58	0,55
1,61	0,54
1,63	0,54
1,66	0,55
1,68	0,55
1,70	0,55
1,73	0,55
1,75	0,54
1,78	0,54
1,80	0,54
1,83	0,58
1,85	0,55
1,88	0,57
1,90	0,55
1,92	0,56
1,95	0,53
1,97	0,58
2,00	0,55
2,02	0,61
2,05	0,55
2,07	0,57
2,10	0,53
2,12	0,59
2,14	0,54
2,17	0,58
2,19	0,52
2,22	0,57
2,24	0,53
2,27	0,59
2,29	0,54
2,31	0,58
2,34	0,52
2,36	0,59
2,39	0,54
2,41	0,60
2,44	0,54
2,46	0,58
2,49	0,53
2,51	0,58
2,53	0,50
2,56	0,56
2,58	0,48
2,61	0,54
2,63	0,51
2,66	0,57
2,68	0,53
2,71	0,60
2,73	0,54
2,75	0,61
2,78	0,57
2,80	0,60
2,83	0,54
2,85	0,57
2,88	0,51
2,90	0,57
2,93	0,54
2,95	0,60
2,97	0,57
3,00	0,60
3,02	0,57
3,05	0,60
3,07	0,56
3,10	0,60
3,12	0,55
3,15	0,56
3,17	0,54
3,19	0,55
3,22	0,54
3,24	0,56
3,27	0,54
3,29	0,56
3,32	0,52
3,34	0,53
3,36	0,57
3,39	0,57
3,41	0,57
3,44	0,55
3,46	0,55
3,49	0,57
3,51	0,59
3,54	0,57
3,56	0,59
3,58	0,55
3,61	0,57
3,63	0,55
3,66	0,60
3,68	0,57
3,71	0,60
3,73	0,54
3,76	0,59
3,78	0,55
3,80	0,60
3,83	0,56
3,85	0,59
3,88	0,52
3,90	0,58
3,93	0,53
3,95	0,59
3,98	0,52
4,00	0,56
4,02	0,51
4,05	0,55
4,07	0,50
4,10	0,56
4,12	0,51
4,15	0,58
4,17	0,53
4,20	0,59
4,22	0,54
4,24	0,60
4,27	0,53
4,29	0,59
4,32	0,53
4,34	0,57
4,37	0,54
4,39	0,60
4,42	0,55
4,44	0,62
4,46	0,57
4,49	0,64
4,51	0,60
4,54	0,62
4,56	0,55
4,59	0,58
4,61	0,53
4,63	0,57
4,66	0,52
4,68	0,55
4,71	0,51
4,73	0,55
4,76	0,55
4,78	0,59
4,81	0,57
4,83	0,60
4,85	0,56
4,88	0,58
4,90	0,60
4,93	0,61
4,95	0,61
4,98	0,60
5,00	0,57
5,03	0,59
5,05	0,61
5,07	0,60
5,10	0,63
5,12	0,61
5,15	0,63
5,17	0,63
5,20	0,65
5,22	0,65
5,25	0,67
5,27	0,61
5,29	0,63
5,32	0,57
5,34	0,61
5,37	0,58
5,39	0,60
5,42	0,55
5,44	0,58
5,47	0,56
5,49	0,64
5,51	0,59
5,54	0,63
5,56	0,60
5,59	0,66
5,61	0,62
5,64	0,68
5,66	0,61
5,68	0,67
5,71	0,62
5,73	0,66
5,76	0,61
5,78	0,67
5,81	0,60
5,83	0,69
5,86	0,61
5,88	0,67
5,90	0,62
5,93	0,66
5,95	0,62
5,98	0,70
6,00	0,61
6,03	0,69
6,05	0,63
6,08	0,68
6,10	0,63
6,12	0,68
6,15	0,62
6,17	0,68
6,20	0,63
6,22	0,70
6,25	0,65
6,27	0,69
6,30	0,68
6,32	0,73
6,34	0,71
6,37	0,74
6,39	0,69
6,42	0,72
6,44	0,70
6,47	0,73
6,49	0,72
6,52	0,72
6,54	0,70
6,56	0,74
6,59	0,74
6,61	0,76
6,64	0,75
6,66	0,74
6,69	0,77
6,71	0,78
6,73	0,79
6,76	0,80
6,78	0,79
6,81	0,77
6,83	0,79
6,86	0,77
6,88	0,79
6,91	0,78
6,93	0,79
6,95	0,78
6,98	0,81
7,00	0,77
7,03	0,83
7,05	0,81
7,08	0,84
7,10	0,80
7,13	0,83
7,15	0,79
7,17	0,86
7,20	0,80
7,22	0,85
7,25	0,79
7,27	0,85
7,30	0,83
7,32	0,91
7,35	0,85
7,37	0,91
7,39	0,85
7,42	0,95
7,44	0,91
7,47	0,96
7,49	0,88
7,52	0,94
7,54	0,89
7,57	0,95
7,59	0,86
7,61	0,93
7,64	0,87
7,66	0,93
7,69	0,89
7,71	0,96
7,74	0,92
7,76	1,03
7,78	0,96
7,81	1,03
7,83	1,00
7,86	1,05
7,88	1,01
7,91	1,06
7,93	0,98
7,96	1,04
7,98	1,00
8,00	1,05
8,03	1,04
8,05	1,06
8,08	1,04
8,10	1,07
8,13	1,04
8,15	1,11
8,18	1,08
8,20	1,07
8,22	1,06
8,25	1,06
8,27	1,06
8,30	1,08
8,32	1,04
8,35	1,05
8,37	1,04
8,40	1,04
8,42	1,07
8,44	1,08
8,47	1,07
8,49	1,09
8,52	1,11
8,54	1,10
8,57	1,14
8,59	1,14
8,62	1,16
8,64	1,13
8,66	1,13
8,69	1,11
8,71	1,16
8,74	1,13
8,76	1,17
8,79	1,13
8,81	1,17
8,84	1,13
8,86	1,17
8,88	1,15
8,91	1,19
8,93	1,14
8,96	1,20
8,98	1,13
9,01	1,20
9,03	1,15
9,05	1,18
9,08	1,13
9,10	1,18
9,13	1,12
9,15	1,21
9,18	1,14
9,20	1,21
9,23	1,18
9,25	1,23
9,27	1,19
9,30	1,25
9,32	1,19
9,35	1,27
9,37	1,21
9,40	1,24
9,42	1,19
9,45	1,22
9,47	1,17
9,49	1,22
9,52	1,15
9,54	1,21
9,57	1,17
9,59	1,23
9,62	1,21
9,64	1,25
9,67	1,20
9,69	1,26
9,71	1,20
9,74	1,22
9,76	1,16
9,79	1,18
9,81	1,16
9,84	1,20
9,86	1,17
9,89	1,23
9,91	1,22
9,93	1,25
9,96	1,28
9,98	1,30
10,01	1,30
10,03	1,31
10,06	1,29
10,08	1,29
10,10	1,31
10,13	1,29
10,15	1,31
10,18	1,27
10,20	1,27
10,23	1,27
10,25	1,30
10,28	1,28
10,30	1,31
10,32	1,27
10,35	1,33
10,37	1,31
10,40	1,36
10,42	1,34
10,45	1,36
10,47	1,30
10,50	1,34
10,52	1,29
10,54	1,36
10,57	1,32
10,59	1,37
10,62	1,34
10,64	1,40
10,67	1,37
10,69	1,44
10,72	1,40
10,74	1,44
10,76	1,39
10,79	1,45
10,81	1,41
10,84	1,48
10,86	1,42
10,89	1,48
10,91	1,43
10,94	1,49
10,96	1,45
10,98	1,51
11,01	1,46
11,03	1,53
11,06	1,48
11,08	1,59
11,11	1,55
11,13	1,59
11,15	1,55
11,18	1,60
11,20	1,55
11,23	1,62
11,25	1,56
11,28	1,61
11,30	1,57
11,33	1,63
11,35	1,63
11,37	1,71
11,40	1,68
11,42	1,73
11,45	1,70
11,47	1,76
11,50	1,75
11,52	1,80
11,55	1,80
11,57	1,85
11,59	1,83
11,62	1,89
11,64	1,88
11,67	1,92
11,69	1,93
11,72	1,94
11,74	1,95
11,77	1,97
11,79	1,99
11,81	2,06
11,84	2,05
11,86	2,03
11,89	2,06
11,91	2,03
11,94	2,08
11,96	2,09
11,99	2,10
12,01	2,10
12,03	2,12
12,06	2,11
12,08	2,19
12,11	2,19
12,13	2,24
12,16	2,20
12,18	2,26
12,21	2,25
12,23	2,34
12,25	2,30
12,28	2,36
12,30	2,31
12,33	2,37
12,35	2,34
12,38	2,40
12,40	2,33
12,42	2,39
12,45	2,32
12,47	2,40
12,50	2,37
12,52	2,43
12,55	2,42
12,57	2,49
12,60	2,44
12,62	2,52
12,64	2,42
12,67	2,49
12,69	2,44
12,72	2,47
12,74	2,43
12,77	2,50
12,79	2,45
12,82	2,55
12,84	2,49
12,86	2,54
12,89	2,50
12,91	2,56
12,94	2,52
12,96	2,58
12,99	2,51
13,01	2,55
13,04	2,52
13,06	2,59
13,08	2,55
13,11	2,56
13,13	2,50
13,16	2,53
13,18	2,52
13,21	2,57
13,23	2,51
13,26	2,52
13,28	2,52
13,30	2,55
13,33	2,54
13,35	2,56
13,38	2,52
13,40	2,52
13,43	2,49
13,45	2,48
13,47	2,47
13,50	2,45
13,52	2,43
13,55	2,42
13,57	2,42
13,60	2,41
13,62	2,42
13,65	2,40
13,67	2,45
13,69	2,42
13,72	2,42
13,74	2,40
13,77	2,43
13,79	2,41
13,82	2,46
13,84	2,37
13,87	2,40
13,89	2,36
13,91	2,40
13,94	2,37
13,96	2,41
13,99	2,32
14,01	2,38
14,04	2,32
14,06	2,38
14,09	2,32
14,11	2,34
14,13	2,28
14,16	2,34
14,18	2,28
14,21	2,34
14,23	2,25
14,26	2,30
14,28	2,25
14,31	2,32
14,33	2,26
14,35	2,32
14,38	2,27
14,40	2,35
14,43	2,29
14,45	2,34
14,48	2,27
14,50	2,31
14,52	2,26
14,55	2,33
14,57	2,25
14,60	2,32
14,62	2,26
14,65	2,33
14,67	2,28
14,70	2,33
14,72	2,26
14,74	2,34
14,77	2,29
14,79	2,34
14,82	2,28
14,84	2,31
14,87	2,28
14,89	2,34
14,92	2,31
14,94	2,35
14,96	2,30
14,99	2,34
15,01	2,37
15,04	2,42
15,06	2,41
15,09	2,43
15,11	2,41
15,14	2,45
15,16	2,47
15,18	2,48
15,21	2,48
15,23	2,48
15,26	2,50
15,28	2,53
15,31	2,57
15,33	2,58
15,36	2,60
15,38	2,60
15,40	2,63
15,43	2,63
15,45	2,67
15,48	2,68
15,50	2,73
15,53	2,69
15,55	2,74
15,57	2,72
15,60	2,81
15,62	2,81
15,65	2,87
15,67	2,85
15,70	2,91
15,72	2,88
15,75	2,98
15,77	2,95
15,79	3,03
15,82	3,00
15,84	3,09
15,87	3,09
15,89	3,21
15,92	3,17
15,94	3,26
15,97	3,24
15,99	3,34
16,01	3,33
16,04	3,43
16,06	3,39
16,09	3,51
16,11	3,49
16,14	3,59
16,16	3,57
16,19	3,65
16,21	3,64
16,23	3,73
16,26	3,70
16,28	3,81
16,31	3,80
16,33	3,91
16,36	3,91
16,38	4,00
16,41	4,00
16,43	4,09
16,45	4,09
16,48	4,19
16,50	4,16
16,53	4,25
16,55	4,28
16,58	4,38
16,60	4,42
16,63	4,50
16,65	4,50
16,67	4,61
16,70	4,64
16,72	4,72
16,75	4,76
16,77	4,80
16,80	4,83
16,82	4,89
16,84	4,93
16,87	5,01
16,89	5,06
16,92	5,07
16,94	5,12
16,97	5,17
16,99	5,23
17,02	5,28
17,04	5,30
17,06	5,31
17,09	5,35
17,11	5,36
17,14	5,43
17,16	5,41
17,19	5,45
17,21	5,46
17,24	5,50
17,26	5,49
17,28	5,58
17,31	5,55
17,33	5,63
17,36	5,58
17,38	5,63
17,41	5,59
17,43	5,67
17,46	5,61
17,48	5,67
17,50	5,60
17,53	5,66
17,55	5,60
17,58	5,68
17,60	5,62
17,63	5,67
17,65	5,59
17,68	5,64
17,70	5,55
17,72	5,60
17,75	5,50
17,77	5,53
17,80	5,43
17,82	5,47
17,85	5,38
17,87	5,43
17,89	5,32
17,92	5,36
17,94	5,29
17,97	5,32
17,99	5,24
18,02	5,24
18,04	5,15
18,07	5,19
18,09	5,11
18,11	5,17
18,14	5,10
18,16	5,10
18,19	5,01
18,21	5,03
18,24	4,95
18,26	4,96
18,29	4,84
18,31	4,81
18,33	4,74
18,36	4,74
18,38	4,67
18,41	4,68
18,43	4,59
18,46	4,56
18,48	4,50
18,51	4,49
18,53	4,46
18,55	4,44
18,58	4,37
18,60	4,35
18,63	4,31
18,65	4,26
18,68	4,24
18,70	4,21
18,73	4,18
18,75	4,14
18,77	4,10
18,80	4,06
18,82	4,07
18,85	4,02
18,87	4,00
18,90	3,93
18,92	3,92
18,94	3,91
18,97	3,91
18,99	3,85
19,02	3,85
19,04	3,79
19,07	3,83
19,09	3,77
19,12	3,79
19,14	3,75
19,16	3,77
19,19	3,69
19,21	3,74
19,24	3,66
19,26	3,70
19,29	3,64
19,31	3,68
19,34	3,62
19,36	3,69
19,38	3,63
19,41	3,72
19,43	3,67
19,46	3,74
19,48	3,69
19,51	3,75
19,53	3,69
19,56	3,70
19,58	3,61
19,60	3,69
19,63	3,63
19,65	3,70
19,68	3,69
19,70	3,77
19,73	3,79
19,75	3,88
19,78	3,82
19,80	3,93
19,82	3,89
19,85	3,93
19,87	3,91
19,90	3,97
19,92	3,95
19,95	4,04
19,97	4,02
19,99	4,09
20,02	4,07
20,04	4,14
20,07	4,18
20,09	4,25
20,12	4,27
20,14	4,34
20,17	4,35
20,19	4,42
20,21	4,45
20,24	4,51
20,26	4,56
20,29	4,61
20,31	4,62
20,34	4,69
20,36	4,75
20,39	4,82
20,41	4,90
20,43	4,93
20,46	5,00
20,48	5,07
20,51	5,16
20,53	5,22
20,56	5,30
20,58	5,30
20,61	5,37
20,63	5,39
20,65	5,49
20,68	5,53
20,70	5,64
20,73	5,66
20,75	5,78
20,78	5,81
20,80	5,97
20,83	5,99
20,85	6,12
20,87	6,15
20,90	6,28
20,92	6,30
20,95	6,45
20,97	6,44
21,00	6,59
21,02	6,60
21,05	6,72
21,07	6,78
21,09	6,94
21,12	6,98
21,14	7,16
21,17	7,19
21,19	7,36
21,22	7,45
21,24	7,57
21,26	7,62
21,29	7,79
21,31	7,77
21,34	7,93
21,36	7,96
21,39	8,07
21,41	8,12
21,44	8,27
21,46	8,32
21,48	8,52
21,51	8,57
21,53	8,75
21,56	8,80
21,58	8,96
21,61	9,04
21,63	9,18
21,66	9,24
21,68	9,36
21,70	9,40
21,73	9,52
21,75	9,58
21,78	9,70
21,80	9,78
21,83	9,87
21,85	9,90
21,88	10,04
21,90	10,10
21,92	10,20
21,95	10,24
21,97	10,29
22,00	10,35
22,02	10,43
22,05	10,44
22,07	10,50
22,10	10,50
22,12	10,51
22,14	10,54
22,17	10,55
22,19	10,59
22,22	10,61
22,24	10,61
22,27	10,60
22,29	10,60
22,31	10,58
22,34	10,61
22,36	10,56
22,39	10,55
22,41	10,49
22,44	10,47
22,46	10,40
22,49	10,41
22,51	10,31
22,53	10,31
22,56	10,18
22,58	10,15
22,61	10,05
22,63	10,07
22,66	9,96
22,68	9,93
22,71	9,79
22,73	9,81
22,75	9,68
22,78	9,67
22,80	9,52
22,83	9,45
22,85	9,29
22,88	9,26
22,90	9,09
22,93	9,07
22,95	8,89
22,97	8,85
23,00	8,71
23,02	8,67
23,05	8,50
23,07	8,49
23,10	8,32
23,12	8,29
23,15	8,13
23,17	8,09
23,19	7,93
23,22	7,90
23,24	7,72
23,27	7,68
23,29	7,51
23,32	7,47
23,34	7,33
23,36	7,31
23,39	7,13
23,41	7,09
23,44	6,96
23,46	6,97
23,49	6,85
23,51	6,80
23,54	6,66
23,56	6,63
23,58	6,53
23,61	6,51
23,63	6,38
23,66	6,33
23,68	6,23
23,71	6,18
23,73	6,15
23,76	6,13
23,78	6,05
23,80	6,02
23,83	5,96
23,85	5,95
23,88	5,93
23,90	5,88
23,93	5,84
23,95	5,79
23,98	5,74
24,00	5,72
24,02	5,71
24,05	5,67
24,07	5,67
24,10	5,63
24,12	5,63
24,15	5,61
24,17	5,63
24,20	5,63
24,22	5,67
24,24	5,61
24,27	5,65
24,29	5,59
24,32	5,67
24,34	5,66
24,37	5,70
24,39	5,65
24,42	5,73
24,44	5,71
24,46	5,83
24,49	5,79
24,51	5,87
24,54	5,85
24,56	5,96
24,59	5,94
24,61	6,06
24,63	6,03
24,66	6,14
24,68	6,13
24,71	6,25
24,73	6,23
24,76	6,34
24,78	6,32
24,81	6,44
24,83	6,45
24,85	6,57
24,88	6,56
24,90	6,69
24,93	6,75
24,95	6,91
24,98	6,93
25,00	7,07
25,03	7,07
25,05	7,21
25,07	7,25
25,10	7,35
25,12	7,36
25,15	7,50
25,17	7,55
25,20	7,70
25,22	7,74
25,25	7,87
25,27	7,97
25,29	8,13
25,32	8,22
25,34	8,35
25,37	8,43
25,39	8,57
25,42	8,66
25,44	8,77
25,47	8,85
25,49	8,95
25,51	9,03
25,54	9,15
25,56	9,26
25,59	9,42
25,61	9,55
25,64	9,66
25,66	9,83
25,68	9,97
25,71	10,14
25,73	10,30
25,76	10,43
25,78	10,54
25,81	10,68
25,83	10,76
25,86	10,93
25,88	11,03
25,90	11,18
25,93	11,29
25,95	11,46
25,98	11,58
26,00	11,81
26,03	11,93
26,05	12,16
26,08	12,25
26,10	12,47
26,12	12,58
26,15	12,80
26,17	12,90
26,20	13,10
26,22	13,16
26,25	13,36
26,27	13,46
26,30	13,69
26,32	13,79
26,34	14,01
26,37	14,11
26,39	14,40
26,42	14,53
26,44	14,75
26,47	14,82
26,49	15,01
26,52	15,09
26,54	15,28
26,56	15,32
26,59	15,48
26,61	15,54
26,64	15,76
26,66	15,89
26,69	16,10
26,71	16,18
26,73	16,38
26,76	16,48
26,78	16,67
26,81	16,73
26,83	16,86
26,86	16,89
26,88	17,02
26,91	17,02
26,93	17,13
26,95	17,13
26,98	17,23
27,00	17,23
27,03	17,30
27,05	17,28
27,08	17,34
27,10	17,33
27,13	17,42
27,15	17,37
27,17	17,39
27,20	17,35
27,22	17,35
27,25	17,31
27,27	17,30
27,30	17,19
27,32	17,15
27,35	17,05
27,37	16,97
27,39	16,90
27,42	16,81
27,44	16,70
27,47	16,59
27,49	16,45
27,52	16,35
27,54	16,24
27,57	16,10
27,59	15,99
27,61	15,84
27,64	15,73
27,66	15,61
27,69	15,47
27,71	15,30
27,74	15,15
27,76	14,94
27,78	14,79
27,81	14,58
27,83	14,42
27,86	14,28
27,88	14,16
27,91	13,96
27,93	13,83
27,96	13,62
27,98	13,51
28,00	13,30
28,03	13,12
28,05	12,86
28,08	12,69
28,10	12,44
28,13	12,33
28,15	12,08
28,18	11,95
28,20	11,70
28,22	11,60
28,25	11,42
28,27	11,34
28,30	11,13
28,32	11,06
28,35	10,86
28,37	10,78
28,40	10,59
28,42	10,48
28,44	10,28
28,47	10,21
28,49	10,00
28,52	9,95
28,54	9,79
28,57	9,75
28,59	9,62
28,62	9,59
28,64	9,44
28,66	9,42
28,69	9,28
28,71	9,25
28,74	9,11
28,76	9,06
28,79	8,94
28,81	8,91
28,84	8,84
28,86	8,82
28,88	8,70
28,91	8,70
28,93	8,66
28,96	8,68
28,98	8,65
29,01	8,65
29,03	8,60
29,05	8,64
29,08	8,64
29,10	8,66
29,13	8,66
29,15	8,64
29,18	8,64
29,20	8,67
29,23	8,71
29,25	8,75
29,27	8,78
29,30	8,78
29,32	8,84
29,35	8,85
29,37	8,90
29,40	8,93
29,42	9,01
29,45	9,03
29,47	9,12
29,49	9,16
29,52	9,29
29,54	9,33
29,57	9,46
29,59	9,48
29,62	9,60
29,64	9,62
29,67	9,77
29,69	9,83
29,71	9,99
29,74	10,01
29,76	10,15
29,79	10,22
29,81	10,40
29,84	10,46
29,86	10,63
29,89	10,68
29,91	10,89
29,93	10,98
29,96	11,15
29,98	11,22
30,01	11,40
30,03	11,45
30,06	11,67
30,08	11,73
30,10	11,91
30,13	12,01
30,15	12,22
30,18	12,33
30,20	12,56
30,23	12,65
30,25	12,88
30,28	12,97
30,30	13,17
30,32	13,30
30,35	13,50
30,37	13,59
30,40	13,81
30,42	13,93
30,45	14,18
30,47	14,34
30,50	14,59
30,52	14,78
30,54	15,02
30,57	15,17
30,59	15,42
30,62	15,59
30,64	15,84
30,67	15,97
30,69	16,16
30,72	16,31
30,74	16,53
30,76	16,68
30,79	16,91
30,81	17,06
30,84	17,29
30,86	17,48
30,89	17,72
30,91	17,95
30,94	18,20
30,96	18,44
30,98	18,68
31,01	18,86
31,03	19,07
31,06	19,32
31,08	19,53
31,11	19,74
31,13	19,92
31,15	20,13
31,18	20,38
31,20	20,67
31,23	20,86
31,25	21,14
31,28	21,35
31,30	21,61
31,33	21,82
31,35	22,07
31,37	22,24
31,40	22,50
31,42	22,63
31,45	22,87
31,47	23,02
31,50	23,28
31,52	23,46
31,55	23,73
31,57	23,85
31,59	24,12
31,62	24,27
31,64	24,52
31,67	24,65
31,69	24,87
31,72	24,94
31,74	25,13
31,77	25,19
31,79	25,39
31,81	25,43
31,84	25,58
31,86	25,60
31,89	25,76
31,91	25,79
31,94	25,92
31,96	25,89
31,99	26,00
32,01	25,94
32,03	26,06
32,06	26,01
32,08	26,08
32,11	26,01
32,13	26,06
32,16	25,96
32,18	26,01
32,20	25,89
32,23	25,88
32,25	25,71
32,28	25,68
32,30	25,53
32,33	25,48
32,35	25,31
32,38	25,23
32,40	25,05
32,42	24,99
32,45	24,83
32,47	24,75
32,50	24,57
32,52	24,45
32,55	24,24
32,57	24,08
32,60	23,86
32,62	23,71
32,64	23,46
32,67	23,23
32,69	22,97
32,72	22,75
32,74	22,52
32,77	22,31
32,79	22,07
32,82	21,86
32,84	21,62
32,86	21,40
32,89	21,18
32,91	20,93
32,94	20,66
32,96	20,36
32,99	20,08
33,01	19,78
33,04	19,53
33,06	19,26
33,08	18,98
33,11	18,73
33,13	18,49
33,16	18,22
33,18	18,06
33,21	17,83
33,23	17,63
33,26	17,40
33,28	17,20
33,30	16,95
33,33	16,78
33,35	16,53
33,38	16,34
33,40	16,07
33,43	15,92
33,45	15,70
33,47	15,59
33,50	15,38
33,52	15,30
33,55	15,09
33,57	15,02
33,60	14,83
33,62	14,74
33,65	14,56
33,67	14,49
33,69	14,28
33,72	14,24
33,74	14,06
33,77	14,04
33,79	13,90
33,82	13,87
33,84	13,73
33,87	13,73
33,89	13,62
33,91	13,64
33,94	13,53
33,96	13,56
33,99	13,49
34,01	13,55
34,04	13,47
34,06	13,52
34,09	13,45
34,11	13,52
34,13	13,49
34,16	13,55
34,18	13,53
34,21	13,59
34,23	13,57
34,26	13,71
34,28	13,72
34,31	13,81
34,33	13,85
34,35	13,93
34,38	14,00
34,40	14,11
34,43	14,17
34,45	14,31
34,48	14,38
34,50	14,47
34,52	14,57
34,55	14,67
34,57	14,79
34,60	14,91
34,62	15,03
34,65	15,16
34,67	15,32
34,70	15,44
34,72	15,66
34,74	15,83
34,77	16,02
34,79	16,15
34,82	16,35
34,84	16,49
34,87	16,70
34,89	16,81
34,92	17,01
34,94	17,12
34,96	17,32
34,99	17,47
35,01	17,74
35,04	17,91
35,06	18,17
35,09	18,31
35,11	18,59
35,14	18,78
35,16	19,06
35,18	19,19
35,21	19,42
35,23	19,55
35,26	19,83
35,28	19,97
35,31	20,24
35,33	20,37
35,36	20,68
35,38	20,89
35,40	21,22
35,43	21,43
35,45	21,80
35,48	21,99
35,50	22,35
35,53	22,58
35,55	22,87
35,57	23,06
35,60	23,36
35,62	23,53
35,65	23,85
35,67	24,05
35,70	24,34
35,72	24,59
35,75	24,93
35,77	25,18
35,79	25,54
35,82	25,81
35,84	26,15
35,87	26,42
35,89	26,73
35,92	26,98
35,94	27,26
35,97	27,49
35,99	27,83
36,01	28,08
36,04	28,41
36,06	28,70
36,09	29,04
36,11	29,37
36,14	29,74
36,16	30,00
36,19	30,37
36,21	30,65
36,23	30,91
36,26	31,20
36,28	31,50
36,31	31,75
36,33	32,04
36,36	32,25
36,38	32,51
36,41	32,85
36,43	33,14
36,45	33,45
36,48	33,72
36,50	34,00
36,53	34,27
36,55	34,58
36,58	34,86
36,60	35,09
36,62	35,26
36,65	35,50
36,67	35,65
36,70	35,89
36,72	36,03
36,75	36,20
36,77	36,33
36,80	36,51
36,82	36,61
36,84	36,85
36,87	36,94
36,89	37,11
36,92	37,18
36,94	37,30
36,97	37,34
36,99	37,48
37,02	37,46
37,04	37,52
37,06	37,48
37,09	37,52
37,11	37,48
37,14	37,52
37,16	37,43
37,19	37,45
37,21	37,34
37,24	37,34
37,26	37,22
37,28	37,22
37,31	37,11
37,33	37,08
37,36	36,88
37,38	36,85
37,41	36,63
37,43	36,56
37,46	36,34
37,48	36,22
37,50	35,99
37,53	35,89
37,55	35,58
37,58	35,46
37,60	35,16
37,63	35,00
37,65	34,73
37,68	34,58
37,70	34,27
37,72	34,10
37,75	33,78
37,77	33,58
37,80	33,24
37,82	32,98
37,85	32,61
37,87	32,32
37,89	31,93
37,92	31,64
37,94	31,29
37,97	31,01
37,99	30,66
38,02	30,39
38,04	30,10
38,07	29,85
38,09	29,56
38,11	29,26
38,14	28,92
38,16	28,59
38,19	28,23
38,21	27,88
38,24	27,52
38,26	27,20
38,29	26,86
38,31	26,56
38,33	26,25
38,36	25,96
38,38	25,74
38,41	25,50
38,43	25,26
38,46	25,00
38,48	24,76
38,51	24,48
38,53	24,27
38,55	23,99
38,58	23,78
38,60	23,50
38,63	23,31
38,65	23,08
38,68	22,97
38,70	22,78
38,73	22,67
38,75	22,47
38,77	22,43
38,80	22,26
38,82	22,22
38,85	22,03
38,87	21,94
38,90	21,77
38,92	21,74
38,94	21,58
38,97	21,58
38,99	21,42
39,02	21,44
39,04	21,35
39,07	21,39
39,09	21,30
39,12	21,38
39,14	21,31
39,16	21,40
39,19	21,37
39,21	21,45
39,24	21,43
39,26	21,55
39,29	21,52
39,31	21,65
39,34	21,65
39,36	21,76
39,38	21,78
39,41	21,89
39,43	21,91
39,46	22,05
39,48	22,09
39,51	22,30
39,53	22,39
39,56	22,57
39,58	22,68
39,60	22,85
39,63	22,98
39,65	23,21
39,68	23,32
39,70	23,52
39,73	23,61
39,75	23,80
39,78	23,99
39,80	24,18
39,82	24,35
39,85	24,54
39,87	24,71
39,90	24,96
39,92	25,23
39,95	25,48
39,97	25,73
39,99	25,96
40,02	26,19
40,04	26,47
40,07	26,74
40,09	26,95
40,12	27,18
40,14	27,38
40,17	27,63
40,19	27,87
40,21	28,16
40,24	28,47
40,26	28,79
40,29	29,04
40,31	29,37
40,34	29,63
40,36	30,02
40,39	30,30
40,41	30,63
40,43	30,84
40,46	31,17
40,48	31,42
40,51	31,83
40,53	32,05
40,56	32,40
40,58	32,64
40,61	33,09
40,63	33,42
40,65	33,87
40,68	34,13
40,70	34,55
40,73	34,87
40,75	35,33
40,78	35,59
40,80	35,94
40,83	36,20
40,85	36,62
40,87	36,90
40,90	37,29
40,92	37,55
40,95	37,98
40,97	38,38
41,00	38,84
41,02	39,20
41,05	39,69
41,07	40,01
41,09	40,44
41,12	40,76
41,14	41,14
41,17	41,43
41,19	41,81
41,22	42,09
41,24	42,51
41,26	42,82
41,29	43,21
41,31	43,54
41,34	43,96
41,36	44,30
41,39	44,70
41,41	45,02
41,44	45,40
41,46	45,75
41,48	46,08
41,51	46,36
41,53	46,65
41,56	46,92
41,58	47,19
41,61	47,49
41,63	47,75
41,66	48,04
41,68	48,31
41,70	48,59
41,73	48,84
41,75	49,10
41,78	49,32
41,80	49,52
41,83	49,67
41,85	49,81
41,88	49,90
41,90	49,98
41,92	50,00
41,95	50,00
41,97	50,00
42,00	50,00
42,02	50,00
42,05	50,00
42,07	50,00
42,10	50,00
42,12	50,00
42,14	50,00
42,17	50,00
42,19	50,00
42,22	50,00
42,24	50,00
42,27	50,00
42,29	50,00
42,31	50,00
42,34	50,00
42,36	50,00
42,39	50,00
42,41	50,00
42,44	50,00
42,46	50,00
42,49	50,00
42,51	50,00
42,53	50,00
42,56	49,98
42,58	49,98
42,61	49,87
42,63	49,84
42,66	49,65
42,68	49,54
42,71	49,33
42,73	49,14
42,75	48,82
42,78	48,66
42,80	48,29
42,83	48,11
42,85	47,74
42,88	47,53
42,90	47,19
42,93	47,01
42,95	46,62
42,97	46,44
43,00	46,06
43,02	45,85
43,05	45,46
43,07	45,18
43,10	44,75
43,12	44,47
43,15	44,04
43,17	43,79
43,19	43,34
43,22	43,05
43,24	42,66
43,27	42,38
43,29	42,00
43,32	41,72
43,34	41,36
43,36	41,09
43,39	40,67
43,41	40,35
43,44	40,02
43,46	39,74
43,49	39,37
43,51	39,03
43,54	38,66
43,56	38,41
43,58	38,16
43,61	37,87
43,63	37,58
43,66	37,31
43,68	37,08
43,71	36,85
43,73	36,60
43,76	36,34
43,78	36,12
43,80	35,85
43,83	35,67
43,85	35,40
43,88	35,23
43,90	35,05
43,93	34,90
43,95	34,72
43,98	34,63
44,00	34,45
44,02	34,41
44,05	34,26
44,07	34,21
44,10	34,07
44,12	34,01
44,15	33,88
44,17	33,89
44,20	33,80
44,22	33,81
44,24	33,74
44,27	33,79
44,29	33,76
44,32	33,85
44,34	33,80
44,37	33,90
44,39	33,88
44,41	33,99
44,44	34,02
44,46	34,15
44,49	34,18
44,51	34,34
44,54	34,38
44,56	34,58
44,59	34,65
44,61	34,79
44,63	34,86
44,66	35,05
44,68	35,13
44,71	35,33
44,73	35,45
44,76	35,67
44,78	35,84
44,81	36,10
44,83	36,30
44,85	36,58
44,88	36,80
44,90	37,09
44,93	37,27
44,95	37,54
44,98	37,76
45,00	38,03
45,03	38,25
45,05	38,50
45,07	38,70
45,10	39,02
45,12	39,34
45,15	39,67
45,17	40,01
45,20	40,37
45,22	40,71
45,25	41,08
45,27	41,44
45,29	41,80
45,32	42,14
45,34	42,42
45,37	42,75
45,39	43,05
45,42	43,44
45,44	43,76
45,47	44,11
45,49	44,43
45,51	44,86
45,54	45,21
45,56	45,69
45,59	46,02
45,61	46,52
45,64	46,93
45,66	47,39
45,68	47,72
45,71	48,24
45,73	48,59
45,76	49,01
45,78	49,26
45,81	49,50
45,83	49,70
45,86	49,92
45,88	49,94
45,90	50,00
45,93	50,00
45,95	50,00
45,98	50,00
46,00	50,00
46,03	50,00
46,05	50,00
46,08	50,00
46,10	50,00
46,12	50,00
46,15	50,00
46,17	50,00
46,20	50,00
46,22	50,00
46,25	50,00
46,27	50,00
46,30	50,00
46,32	50,00
46,34	50,00
46,37	50,00
46,39	50,00
46,42	50,00
46,44	50,00
46,47	50,00
46,49	50,00
46,52	50,00
46,54	50,00
46,56	50,00
46,59	50,00
46,61	50,00
46,64	50,00
46,66	50,00
46,69	50,00
46,71	50,00
46,73	50,00
46,76	50,00
46,78	50,00
46,81	50,00
46,83	50,00
46,86	50,00
46,88	50,00
46,91	50,00
46,93	50,00
46,95	50,00
46,98	50,00
47,00	50,00
47,03	50,00
47,05	50,00
47,08	50,00
47,10	50,00
47,13	50,00
47,15	50,00
47,17	50,00
47,20	50,00
47,22	50,00
47,25	50,00
47,27	50,00
47,30	50,00
47,32	50,00
47,35	50,00
47,37	50,00
47,39	50,00
47,42	50,00
47,44	50,00
47,47	50,00
47,49	50,00
47,52	50,00
47,54	50,00
47,57	50,00
47,59	50,00
47,61	50,00
47,64	50,00
47,66	50,00
47,69	50,00
47,71	50,00
47,74	50,00
47,76	50,00
47,78	50,00
47,81	50,00
47,83	50,00
47,86	50,00
47,88	50,00
47,91	50,00
47,93	50,00
47,96	50,00
47,98	50,00
48,00	50,00
48,03	50,00
48,05	50,00
48,08	50,00
48,10	50,00
48,13	50,00
48,15	50,00
48,18	50,00
48,20	50,00
48,22	50,00
48,25	50,00
48,27	50,00
48,30	50,00
48,32	50,00
48,35	50,00
48,37	50,00
48,40	50,00
48,42	50,00
48,44	50,00
48,47	50,00
48,49	50,00
48,52	50,00
48,54	50,00
48,57	50,00
48,59	50,00
48,62	50,00
48,64	50,00
48,66	50,00
48,69	50,00
48,71	50,00
48,74	50,00
48,76	50,00
48,79	50,00
48,81	50,00
48,84	50,00
48,86	50,00
48,88	50,00
48,91	50,00
48,93	50,00
48,96	50,00
48,98	50,00
49,01	50,00
49,03	50,00
49,05	50,00
49,08	50,00
49,10	50,00
49,13	50,00
49,15	50,00
49,18	50,00
49,20	50,00
49,23	50,00
49,25	50,00
49,27	50,00
49,30	50,00
49,32	50,00
49,35	50,00
49,37	50,00
49,40	50,00
49,42	50,00
49,45	50,00
49,47	50,00
49,49	50,00
49,52	50,00
49,54	50,00
49,57	50,00
49,59	50,00
49,62	50,00
49,64	50,00
49,67	50,00
49,69	50,00
49,71	50,00
49,74	50,00
49,76	50,00
49,79	50,00
49,81	50,00
49,84	50,00
49,86	50,00
49,89	50,00
49,91	50,00
49,93	50,00
49,96	50,00
49,98	50,00
50,01	50,00
50,03	50,00
50,06	50,00
50,08	50,00
50,10	50,00
50,13	50,00
50,15	50,00
50,18	50,00
50,20	50,00
50,23	50,00
50,25	50,00
50,28	50,00
50,30	50,00
50,32	50,00
50,35	50,00
50,37	50,00
50,40	50,00
50,42	50,00
50,45	50,00
50,47	50,00
50,50	50,00
50,52	50,00
50,54	50,00
50,57	50,00
50,59	50,00
50,62	50,00
50,64	50,00
50,67	50,00
50,69	50,00
50,72	50,00
50,74	50,00
50,76	50,00
50,79	50,00
50,81	50,00
50,84	50,00
50,86	50,00
50,89	50,00
50,91	50,00
50,94	50,00
50,96	50,00
50,98	50,00
51,01	50,00
51,03	50,00
51,06	50,00
51,08	50,00
51,11	50,00
51,13	50,00
51,15	50,00
51,18	50,00
51,20	50,00
51,23	50,00
51,25	50,00
51,28	50,00
51,30	50,00
51,33	50,00
51,35	50,00
51,37	50,00
51,40	50,00
51,42	50,00
51,45	50,00
51,47	50,00
51,50	50,00
51,52	50,00
51,55	50,00
51,57	50,00
51,59	50,00
51,62	50,00
51,64	50,00
51,67	50,00
51,69	50,00
51,72	50,00
51,74	50,00
51,77	50,00
51,79	50,00
51,81	50,00
51,84	50,00
51,86	50,00
51,89	50,00
51,91	50,00
51,94	50,00
51,96	50,00
51,99	50,00
52,01	50,00
52,03	50,00
52,06	50,00
52,08	50,00
52,11	50,00
52,13	50,00
52,16	50,00
52,18	50,00
52,20	50,00
52,23	50,00
52,25	50,00
52,28	50,00
52,30	50,00
52,33	50,00
52,35	50,00
52,38	50,00
52,40	50,00
52,42	50,00
52,45	50,00
52,47	50,00
52,50	50,00
52,52	50,00
52,55	50,00
52,57	50,00
52,60	50,00
52,62	50,00
52,64	50,00
52,67	50,00
52,69	50,00
52,72	50,00
52,74	50,00
52,77	50,00
52,79	50,00
52,82	50,00
52,84	50,00
52,86	50,00
52,89	50,00
52,91	50,00
52,94	50,00
52,96	50,00
52,99	50,00
53,01	50,00
53,04	50,00
53,06	50,00
53,08	50,00
53,11	50,00
53,13	50,00
53,16	50,00
53,18	50,00
53,21	50,00
53,23	50,00
53,26	50,00
53,28	50,00
53,30	50,00
53,33	50,00
53,35	50,00
53,38	50,00
53,40	50,00
53,43	50,00
53,45	50,00
53,47	50,00
53,50	50,00
53,52	50,00
53,55	50,00
53,57	50,00
53,60	50,00
53,62	50,00
53,65	50,00
53,67	50,00
53,69	50,00
53,72	50,00
53,74	50,00
53,77	50,00
53,79	50,00
53,82	50,00
53,84	50,00
53,87	50,00
53,89	50,00
53,91	50,00
53,94	50,00
53,96	50,00
53,99	50,00
54,01	50,00
54,04	50,00
54,06	50,00
54,09	50,00
54,11	50,00
54,13	50,00
54,16	50,00
54,18	50,00
54,21	50,00
54,23	50,00
54,26	50,00
54,28	50,00
54,31	50,00
54,33	50,00
54,35	50,00
54,38	50,00
54,40	50,00
54,43	50,00
54,45	50,00
54,48	50,00
54,50	50,00
54,52	50,00
54,55	50,00
54,57	50,00
54,60	50,00
54,62	50,00
54,65	50,00
54,67	50,00
54,70	50,00
54,72	50,00
54,74	50,00
54,77	50,00
54,79	50,00
54,82	50,00
54,84	50,00
54,87	50,00
54,89	50,00
54,92	50,00
54,94	50,00
54,96	50,00
54,99	50,00
55,01	50,00
55,04	50,00
55,06	50,00
55,09	50,00
55,11	50,00
55,14	50,00
55,16	50,00
55,18	50,00
55,21	50,00
55,23	50,00
55,26	50,00
55,28	50,00
55,31	50,00
55,33	50,00
55,36	50,00
55,38	50,00
55,40	50,00
55,43	50,00
55,45	50,00
55,48	50,00
55,50	50,00
55,53	50,00
55,55	50,00
55,57	50,00
55,60	50,00
55,62	50,00
55,65	50,00
55,67	50,00
55,70	50,00
55,72	50,00
55,75	50,00
55,77	50,00
55,79	50,00
55,82	50,00
55,84	50,00
55,87	50,00
55,89	50,00
55,92	50,00
55,94	50,00
55,97	50,00
55,99	50,00
56,01	50,00
56,04	50,00
56,06	50,00
56,09	50,00
56,11	50,00
56,14	50,00
56,16	50,00
56,19	50,00
56,21	50,00
56,23	50,00
56,26	50,00
56,28	50,00
56,31	50,00
56,33	50,00
56,36	50,00
56,38	50,00
56,41	50,00
56,43	50,00
56,45	50,00
56,48	50,00
56,50	50,00
56,53	50,00
56,55	50,00
56,58	50,00
56,60	50,00
56,62	50,00
56,65	50,00
56,67	50,00
56,70	50,00
56,72	50,00
56,75	50,00
56,77	50,00
56,80	50,00
56,82	50,00
56,84	50,00
56,87	50,00
56,89	50,00
56,92	50,00
56,94	50,00
56,97	50,00
56,99	50,00
57,02	50,00
57,04	50,00
57,06	50,00
57,09	50,00
57,11	50,00
57,14	50,00
57,16	50,00
57,19	50,00
57,21	50,00
57,24	50,00
57,26	50,00
57,28	50,00
57,31	50,00
57,33	50,00
57,36	50,00
57,38	50,00
57,41	50,00
57,43	50,00
57,46	50,00
57,48	50,00
57,50	50,00
57,53	50,00
57,55	50,00
57,58	50,00
57,60	50,00
57,63	50,00
57,65	50,00
57,68	50,00
57,70	50,00
57,72	50,00
57,75	50,00
57,77	50,00
57,80	50,00
57,82	50,00
57,85	50,00
57,87	50,00
57,89	50,00
57,92	50,00
57,94	50,00
57,97	50,00
57,99	50,00
58,02	50,00
58,04	50,00
58,07	50,00
58,09	50,00
58,11	50,00
58,14	50,00
58,16	50,00
58,19	50,00
58,21	50,00
58,24	50,00
58,26	50,00
58,29	50,00
58,31	50,00
58,33	50,00
58,36	50,00
58,38	50,00
58,41	50,00
58,43	50,00
58,46	50,00
58,48	50,00
58,51	50,00
58,53	50,00
58,55	50,00
58,58	50,00
58,60	50,00
58,63	50,00
58,65	50,00
58,68	50,00
58,70	50,00
58,73	50,00
58,75	50,00
58,77	50,00
58,80	50,00
58,82	50,00
58,85	50,00
58,87	50,00
58,90	50,00
58,92	50,00
58,94	50,00
58,97	50,00
58,99	50,00
59,02	50,00
59,04	50,00
59,07	50,00
59,09	50,00
59,12	50,00
59,14	50,00
59,16	50,00
59,19	50,00
59,21	50,00
59,24	50,00
59,26	50,00
59,29	50,00
59,31	50,00
59,34	50,00
59,36	50,00
59,38	50,00
59,41	50,00
59,43	50,00
59,46	50,00
59,48	50,00
59,51	50,00
59,53	50,00
59,56	50,00
59,58	50,00
59,60	50,00
59,63	50,00
59,65	50,00
59,68	50,00
59,70	50,00
59,73	50,00
59,75	50,00
59,78	50,00
59,80	50,00
59,82	50,00
59,85	50,00
59,87	50,00
59,90	50,00
59,92	50,00
59,95	50,00
59,97	50,00
59,99	50,00
